2708 5278
1 9 0.4
1 436 0.4
1 545 0.7
4 198 0.8
4 464 0.5
4 602 0.5
5 171 0.8
9 436 0.9
13 156 0.6
14 483 0.1
15 1 0.5
15 9 0.1
15 32 0.5
15 233 0.8
15 243 0.2
15 259 0.7
15 269 0.2
15 385 0.7
15 394 0.3
15 401 0.4
15 436 0.6
15 438 0.8
15 444 0.7
15 545 0.2
15 614 0.2
15 709 0.4
15 737 0.2
15 747 0.5
15 752 0.4
16 81 0.7
16 130 0.7
16 153 0.3
16 235 0.5
16 254 0.5
16 255 0.3
16 323 0.1
16 400 0.7
16 539 0.6
16 702 0.6
19 128 0.9
19 867 0.3
19 891 0.3
19 1933 0.8
20 572 0.9
21 268 0.3
23 1791 0.1
23 2258 0.4
26 21 0.3
26 457 0.5
26 779 0.3
26 1182 0.4
26 1898 0.7
27 1130 0.6
28 533 0.3
29 587 0.4
31 232 0.5
31 286 0.3
31 680 0.8
31 1149 0.2
31 2277 0.1
33 680 0.7
34 1702 0.8
36 35 0.3
37 1067 0.9
37 1702 0.4
37 1975 0.3
37 2073 0.7
37 2391 0.6
38 564 0.5
39 274 0.8
39 373 0.7
39 564 0.4
40 25 0.6
40 83 0.4
41 762 0.8
42 24 0.6
42 95 0.4
42 116 0.7
42 353 0.2
42 534 0.6
42 726 0.8
42 890 0.7
42 893 0.4
42 1714 0.2
42 1734 0.1
42 1983 0.5
42 2457 0.4
43 189 0.5
44 577 0.6
46 221 0.7
47 239 0.7
47 868 0.2
49 1784 0.7
49 2457 0.8
49 2683 0.3
53 2488 0.5
53 2581 0.6
56 362 0.4
56 845 0.6
56 1833 0.3
56 1906 0.7
58 307 0.5
59 537 0.8
59 991 0.4
59 1892 0.8
59 2496 0.3
60 571 0.4
60 873 0.7
60 875 0.7
60 1710 0.2
61 253 0.7
61 689 0.5
63 325 0.4
63 333 0.4
63 424 0.3
63 946 0.7
63 2426 0.4
63 2475 0.3
63 2567 0.5
64 154 0.4
64 211 0.7
64 740 0.5
64 1547 0.8
65 285 0.3
67 35 0.1
67 70 0.9
67 150 0.9
67 184 0.7
67 216 0.6
67 289 0.4
67 1249 0.1
67 1532 0.3
67 1699 0.6
67 2123 0.7
67 2158 0.1
67 2295 0.3
67 2311 0.7
67 2360 0.3
67 2442 0.5
67 2521 0.6
69 523 0.1
69 980 0.8
69 1633 0.8
69 1826 0.5
69 1846 0.4
69 1980 0.3
69 2008 0.8
71 256 0.8
71 932 0.7
71 1000 0.8
71 1522 0.3
71 1693 0.9
71 1987 0.1
72 662 0.1
72 678 0.5
72 930 0.8
72 1560 0.4
72 1642 0.8
72 1924 0.7
72 2443 0.9
73 203 0.7
73 772 0.4
75 20 0.6
75 72 0.6
75 155 0.6
75 253 0.6
75 264 0.8
75 311 0.3
75 346 0.4
75 378 0.2
75 506 0.2
75 512 0.4
75 548 0.2
75 605 0.7
75 623 0.7
75 662 0.4
75 681 0.9
75 788 0.8
75 868 0.2
75 872 0.2
75 882 0.4
75 907 0.4
75 950 0.2
75 976 0.8
75 988 0.8
75 1018 0.2
75 1025 0.5
75 1104 0.8
75 1221 0.6
75 1635 0.2
75 1677 0.1
75 1929 0.2
75 2014 0.5
75 2125 0.1
75 2267 0.2
75 2285 0.8
75 2336 0.4
75 2391 0.3
75 2514 0.4
75 2655 0.5
76 289 0.6
76 1855 0.8
76 1856 0.9
76 2123 0.9
76 2300 0.9
77 132 0.1
77 182 0.6
77 251 0.3
77 346 0.4
77 393 0.3
77 519 0.6
77 662 0.8
77 695 0.7
77 870 0.3
77 976 0.4
77 1129 0.8
77 1549 0.3
77 1935 0.5
77 2328 0.7
77 2391 0.7
77 2533 0.6
78 338 0.3
79 470 0.6
79 2682 0.4
82 648 0.5
83 240 0.5
83 296 0.4
83 306 0.3
83 411 0.5
83 549 0.5
83 1441 0.3
83 1554 0.6
85 13 0.1
85 28 0.7
85 156 0.9
85 348 0.9
85 716 0.7
85 951 0.5
85 999 0.3
85 1241 0.5
85 1348 0.7
85 1551 0.5
85 1804 0.1
86 426 0.9
86 2369 0.5
87 250 0.9
87 374 0.1
87 653 0.9
88 48 0.4
88 384 0.9
88 2246 0.6
89 45 0.6
89 117 0.5
89 209 0.5
89 226 0.4
89 372 0.2
89 588 0.7
89 683 0.9
89 761 0.3
89 763 0.9
91 681 0.4
93 2439 0.5
100 1256 0.3
100 1614 0.7
100 1620 0.2
100 1723 0.3
100 1804 0.7
100 1853 0.6
100 2579 0.7
100 2593 0.3
100 2680 0.1
101 266 0.5
101 759 0.4
101 1612 0.5
102 2681 0.7
102 2687 0.3
103 405 0.4
103 1825 0.4
103 1894 0.6
103 1896 0.5
103 1965 0.5
103 2013 0.8
103 2334 0.7
103 2584 0.9
108 109 0.8
108 251 0.1
108 499 0.7
108 899 0.4
108 1938 0.4
109 305 0.7
109 499 0.7
109 899 0.2
110 172 0.6
110 460 0.3
110 489 0.6
110 508 0.6
110 536 0.5
110 636 0.7
110 641 0.8
110 673 0.3
110 779 0.6
110 885 0.3
110 956 0.7
110 968 0.6
110 1075 0.4
110 1297 0.2
110 1662 0.2
110 1889 0.2
110 2054 0.2
110 2055 0.5
110 2316 0.6
115 172 0.5
116 2422 0.4
121 1960 0.5
122 732 0.4
122 1826 0.2
122 1991 0.5
123 125 0.7
123 128 0.4
123 1094 0.6
123 2401 0.3
124 554 0.2
125 2401 0.3
126 395 0.6
126 1858 0.3
127 95 0.3
127 2209 0.7
128 125 0.3
128 2229 0.6
128 2401 0.9
129 104 0.9
130 23 0.5
130 189 0.4
130 539 0.3
130 1205 0.8
130 1410 0.3
130 1974 0.3
130 2166 0.5
130 2194 0.7
130 2221 0.2
130 2364 0.3
130 2447 0.7
130 2452 0.6
133 347 0.3
134 395 0.5
135 506 0.6
135 1783 0.5
137 93 0.9
137 160 0.9
137 245 0.9
137 1103 0.3
137 1371 0.5
137 1414 0.4
137 1480 0.7
137 1777 0.3
137 2173 0.8
137 2232 0.3
137 2400 0.5
137 2488 0.7
137 2544 0.1
137 2581 0.5
137 2636 0.5
138 139 0.6
138 417 0.5
138 749 0.5
139 116 0.8
139 138 0.6
139 417 0.7
139 749 0.4
139 893 0.3
141 324 0.1
143 228 0.4
143 231 0.9
143 392 0.5
143 521 0.7
143 824 0.4
143 1284 0.4
143 1319 0.4
143 1548 0.3
144 181 0.7
144 338 0.8
144 347 0.8
144 364 0.4
145 189 0.9
145 445 0.2
145 2103 0.4
146 391 0.3
146 1219 0.6
146 1225 0.6
146 1531 0.6
146 2249 0.6
146 2252 0.5
146 2281 0.4
146 2287 0.5
146 2297 0.2
146 2522 0.8
147 18 0.2
151 51 0.5
151 644 0.4
153 1384 0.7
156 118 0.6
156 514 0.2
158 79 0.4
158 182 0.3
158 215 0.5
158 372 0.4
158 394 0.3
158 561 0.4
158 717 0.4
158 741 0.7
158 767 0.9
158 898 0.7
158 917 0.1
158 980 0.5
158 1018 0.2
158 1039 0.9
158 1076 0.7
158 1290 0.8
158 1341 0.2
158 1376 0.6
158 1453 0.9
158 1551 0.8
158 1638 0.9
158 1719 0.5
158 2020 0.8
158 2022 0.7
158 2096 0.7
158 2231 0.8
158 2418 0.7
158 2541 0.2
158 2681 0.1
159 185 0.4
159 434 0.8
159 599 0.6
159 708 0.3
160 2067 0.3
160 2173 0.3
160 2544 0.3
160 2675 0.9
161 126 0.4
161 323 0.4
161 470 0.5
161 1858 0.7
161 2541 0.8
161 2682 0.5
162 96 0.5
162 685 0.8
162 714 0.9
162 997 0.7
162 1148 0.2
162 2312 0.3
163 174 0.8
163 776 0.6
164 23 0.7
164 43 0.4
164 56 0.6
164 130 0.7
164 142 0.9
164 146 0.3
164 175 0.8
164 189 0.6
164 192 0.7
164 220 0.6
164 238 0.5
164 267 0.5
164 291 0.4
164 310 0.4
164 347 0.6
164 381 0.6
164 391 0.4
164 396 0.8
164 403 0.5
164 416 0.7
164 423 0.3
164 449 0.9
164 524 0.1
164 531 0.9
164 547 0.4
164 564 0.8
164 603 0.6
164 607 0.6
164 625 0.1
164 659 0.7
164 660 0.5
164 690 0.6
164 715 0.3
164 718 0.3
164 728 0.4
164 744 0.6
164 745 0.7
164 758 0.7
164 766 0.7
164 770 0.3
164 782 0.3
164 801 0.6
164 814 0.9
164 857 0.5
164 911 0.3
164 936 0.7
164 941 0.2
164 943 0.1
164 962 0.7
164 967 0.5
164 983 0.8
164 1031 0.2
164 1061 0.8
164 1066 0.4
164 1070 0.6
164 1071 0.9
164 1099 0.5
164 1100 0.4
164 1107 0.9
164 1111 0.4
164 1114 0.3
164 1115 0.8
164 1128 0.6
164 1131 0.4
164 1137 0.2
164 1140 0.4
164 1154 0.2
164 1160 0.6
164 1179 0.8
164 1206 0.4
164 1207 0.3
164 1208 0.6
164 1219 0.6
164 1220 0.4
164 1225 0.1
164 1226 0.6
164 1254 0.2
164 1258 0.4
164 1275 0.5
164 1278 0.8
164 1287 0.6
164 1304 0.8
164 1306 0.4
164 1334 0.3
164 1335 0.3
164 1363 0.3
164 1380 0.4
164 1381 0.7
164 1405 0.5
164 1411 0.5
164 1458 0.3
164 1468 0.6
164 1499 0.4
164 1516 0.3
164 1531 0.4
164 1537 0.2
164 1545 0.7
164 1559 0.2
164 1572 0.2
164 1573 0.5
164 1574 0.9
164 1576 0.2
164 1591 0.5
164 1595 0.4
164 1612 0.8
164 1651 0.3
164 1676 0.2
164 1686 0.1
164 1690 0.5
164 1692 0.7
164 1697 0.9
164 1716 0.4
164 1718 0.4
164 1729 0.8
164 1730 0.2
164 1735 0.5
164 1776 0.6
164 1785 0.8
164 1793 0.4
164 1800 0.8
164 1808 0.7
164 1832 0.8
164 1851 0.3
164 1873 0.6
164 1891 0.3
164 1906 0.7
164 1944 0.2
164 1972 0.8
164 2040 0.1
164 2078 0.1
164 2117 0.6
164 2174 0.6
164 2176 0.4
164 2178 0.9
164 2197 0.2
164 2201 0.6
164 2203 0.6
164 2205 0.7
164 2233 0.3
164 2249 0.9
164 2252 0.4
164 2260 0.2
164 2266 0.8
164 2275 0.2
164 2281 0.7
164 2287 0.3
164 2296 0.6
164 2297 0.8
164 2299 0.3
164 2317 0.9
164 2362 0.3
164 2364 0.7
164 2397 0.6
164 2452 0.5
164 2519 0.7
164 2522 0.2
164 2555 0.8
164 2558 0.6
164 2564 0.7
164 2565 0.6
164 2601 0.3
164 2605 0.2
164 2639 0.6
164 2660 0.6
164 2668 0.8
164 2674 0.8
165 518 0.7
166 433 0.1
167 458 0.6
167 1126 0.7
168 560 0.9
169 476 0.3
169 1757 0.9
169 2605 0.4
170 213 0.2
174 576 0.8
174 1379 0.5
174 2486 0.4
178 886 0.3
178 1490 0.4
178 1960 0.5
182 519 0.2
186 390 0.4
189 43 0.5
189 121 0.2
189 140 0.4
189 142 0.2
189 164 0.1
189 263 0.4
189 381 0.5
189 416 0.2
189 524 0.5
189 718 0.7
189 722 0.2
189 756 0.3
189 758 0.7
190 43 0.5
190 164 0.6
190 189 0.3
190 396 0.4
190 2103 0.5
190 2665 0.9
192 23 0.7
192 396 0.8
192 449 0.8
193 11 0.7
193 194 0.6
193 281 0.6
193 421 0.3
193 440 0.4
193 511 0.8
193 520 0.7
193 706 0.2
194 11 0.1
194 75 0.8
194 239 0.2
194 281 0.3
194 421 0.4
194 520 0.6
194 2550 0.2
195 674 0.7
196 708 0.5
197 196 0.7
197 217 0.8
197 708 0.7
201 537 0.5
201 1892 0.2
202 144 0.9
202 428 0.4
203 205 0.6
203 772 0.3
205 203 0.6
205 275 0.3
205 598 0.1
205 742 0.1
205 1812 0.4
205 2411 0.3
205 2651 0.1
206 601 0.6
207 537 0.4
207 1043 0.1
207 1892 0.2
208 689 0.5
208 1537 0.4
208 1677 0.6
209 1271 0.5
209 2344 0.8
210 2705 0.4
211 149 0.1
211 645 0.6
215 79 0.1
215 470 0.8
215 588 0.5
218 686 0.3
218 2356 0.5
220 39 0.2
220 403 0.9
220 564 0.7
220 713 0.1
220 758 0.4
220 847 0.8
220 1326 0.4
220 1405 0.2
220 1690 0.4
220 1739 0.5
220 2564 0.5
228 297 0.3
228 824 0.8
228 1319 0.7
228 1548 0.3
228 2320 0.3
229 53 0.7
229 120 0.3
229 260 0.7
229 324 0.7
229 901 0.8
229 1693 0.6
229 2466 0.3
229 2618 0.6
231 392 0.9
231 407 0.4
231 521 0.9
231 1285 0.7
237 157 0.2
237 1618 0.8
238 330 0.2
238 1061 0.7
239 47 0.5
239 302 0.5
241 62 0.3
241 2309 0.9
244 54 0.8
244 358 0.6
246 173 0.2
247 561 0.9
248 501 0.6
248 564 0.5
248 983 0.3
248 1118 0.9
248 1262 0.2
248 1974 0.3
248 2258 0.8
248 2447 0.6
249 106 0.8
249 420 0.4
250 653 0.2
251 32 0.6
251 34 0.4
251 108 0.5
251 109 0.4
251 171 0.7
251 305 0.1
251 499 0.7
251 500 0.5
251 585 0.7
251 640 0.6
251 695 0.8
251 709 0.5
251 737 0.5
252 7 0.2
252 89 0.7
252 483 0.3
252 933 0.6
252 1506 0.7
252 1878 0.6
252 2561 0.6
254 1816 0.6
254 2671 0.8
257 431 0.2
257 635 0.2
257 929 0.9
257 984 0.4
257 2226 0.2
257 2370 0.6
258 37 0.8
258 481 0.5
259 1 0.7
259 8 0.5
259 9 0.8
259 15 0.9
259 269 0.4
259 401 0.3
259 436 0.3
259 545 0.6
259 752 0.7
259 1032 0.3
259 1112 0.6
261 420 0.4
261 620 0.2
261 2070 0.1
261 2167 0.8
261 2525 0.4
262 627 0.1
263 267 0.3
266 759 0.4
268 21 0.5
269 233 0.4
269 617 0.7
269 2047 0.7
269 2572 0.7
270 25 0.3
271 277 0.6
272 719 0.6
273 517 0.6
273 915 0.8
274 373 0.8
276 465 0.8
277 1994 0.2
277 2547 0.3
280 465 0.4
281 11 0.3
282 461 0.5
284 2094 0.2
285 65 0.1
286 232 0.6
286 1149 0.4
287 179 0.3
287 1964 0.2
287 2196 0.7
289 2158 0.9
290 65 0.1
290 1279 0.2
290 1499 0.1
290 2569 0.4
292 488 0.4
293 905 0.8
295 22 0.1
295 84 0.8
295 86 0.1
295 104 0.2
295 129 0.3
295 154 0.1
295 174 0.6
295 187 0.8
295 192 0.1
295 253 0.7
295 278 0.8
295 466 0.4
295 467 0.8
295 478 0.5
295 484 0.3
295 503 0.5
295 555 0.1
295 565 0.3
295 566 0.8
295 567 0.8
295 589 0.4
295 634 0.4
295 637 0.7
295 639 0.8
295 666 0.5
295 700 0.8
295 808 0.7
295 1354 0.2
295 1439 0.8
295 1673 0.6
295 2431 0.3
295 2477 0.8
296 198 0.1
296 211 0.6
296 221 0.4
296 1013 0.6
296 1317 0.6
296 1783 0.9
296 2079 0.2
300 597 0.8
300 747 0.7
300 1828 0.9
300 2084 0.8
300 2111 0.4
302 47 0.5
303 429 0.2
303 599 0.6
307 1377 0.8
308 599 0.8
309 10 0.2
309 1457 0.7
309 2029 0.5
311 2514 0.8
315 157 0.6
315 1074 0.7
315 1245 0.1
315 1597 0.7
315 1685 0.7
315 1727 0.7
319 446 0.6
319 687 0.4
319 992 0.3
319 1174 0.2
319 2311 0.8
319 2334 0.3
319 2428 0.4
320 30 0.9
320 1274 0.6
321 260 0.4
323 1028 0.1
325 186 0.8
325 279 0.2
325 327 0.7
325 390 0.2
326 212 0.4
326 1202 0.5
327 279 0.8
327 325 0.7
328 325 0.4
328 327 0.6
328 946 0.4
328 1533 0.5
328 1900 0.7
332 102 0.6
332 180 0.5
332 775 0.6
333 186 0.2
333 325 0.2
333 390 0.5
333 1065 0.4
334 464 0.5
335 21 0.6
335 268 0.9
340 271 0.5
340 496 0.3
340 1550 0.7
340 1603 0.9
341 342 0.4
341 530 0.1
341 710 0.2
342 530 0.3
342 710 0.6
343 271 0.5
343 277 0.6
343 340 0.5
343 468 0.2
343 496 0.8
343 730 0.7
343 777 0.8
343 1946 0.3
343 1994 0.3
343 2547 0.4
344 531 0.9
344 1099 0.3
344 1275 0.9
344 1304 0.5
344 1572 0.7
344 1578 0.1
345 2 0.5
345 317 0.8
345 336 0.3
345 349 0.3
345 522 0.4
345 676 0.1
345 964 0.4
345 1008 0.2
345 1245 0.6
345 1261 0.7
345 1268 0.7
345 1276 0.5
345 1313 0.4
345 1443 0.7
345 1446 0.8
345 1623 0.1
345 1628 0.6
345 1672 0.1
345 1882 0.6
345 2033 0.4
345 2172 0.9
345 2230 0.3
345 2291 0.3
345 2292 0.6
345 2340 0.3
345 2427 0.6
345 2442 0.8
345 2590 0.2
345 2610 0.4
345 2618 0.4
346 118 0.4
346 262 0.7
346 1925 0.1
346 2267 0.6
346 2390 0.8
347 338 0.7
347 364 0.5
348 85 0.3
348 453 0.1
348 714 0.2
348 999 0.6
348 1000 0.8
349 1245 0.8
349 1597 0.2
351 112 0.8
351 181 0.6
351 202 0.6
351 352 0.6
351 428 0.9
351 665 0.6
351 731 0.5
351 771 0.8
352 731 0.2
355 331 0.5
355 840 0.5
355 1073 0.5
356 1094 0.6
356 1095 0.9
356 2069 0.6
357 191 0.5
357 511 0.2
359 96 0.4
359 1256 0.3
360 204 0.3
360 331 0.4
360 809 0.6
360 1069 0.4
360 1321 0.7
360 1343 0.6
360 1788 0.3
360 1872 0.6
360 2323 0.3
360 2377 0.5
360 2423 0.1
360 2499 0.8
360 2500 0.5
360 2506 0.3
360 2568 0.5
361 152 0.2
364 338 0.3
365 367 0.2
365 591 0.5
366 365 0.6
366 591 0.5
366 2573 0.9
367 591 0.2
368 441 0.3
372 2508 0.4
376 837 0.3
376 1577 0.8
379 179 0.5
379 219 0.5
379 228 0.6
379 287 0.4
379 336 0.5
379 397 0.8
379 586 0.5
379 693 0.6
379 961 0.5
379 1028 0.7
379 1062 0.7
379 1208 0.5
379 1239 0.7
379 1276 0.8
379 1291 0.6
379 1645 0.9
379 1679 0.2
379 1964 0.1
379 2013 0.3
379 2043 0.5
379 2196 0.2
379 2291 0.8
379 2292 0.4
379 2448 0.4
379 2584 0.6
380 177 0.9
380 757 0.8
381 935 0.2
381 1258 0.8
381 1474 0.8
381 1475 0.5
381 1738 0.3
381 1785 0.6
381 2197 0.3
381 2642 0.9
383 30 0.5
383 1838 0.7
383 2133 0.9
388 294 0.8
389 2591 0.2
390 186 0.2
390 1938 0.4
393 155 0.8
399 249 0.8
399 420 0.2
399 777 0.6
400 1251 0.5
400 1252 0.8
403 404 0.3
403 682 0.6
404 2105 0.8
406 754 0.4
407 312 0.4
408 513 0.9
408 1299 0.9
408 1764 0.3
408 1876 0.8
408 2440 0.6
410 754 0.5
410 1299 0.3
410 1607 0.2
410 2583 0.7
411 3 0.9
411 299 0.3
411 306 0.6
412 513 0.4
412 537 0.2
412 1471 0.5
412 1601 0.4
412 1892 0.9
412 2233 0.5
412 2583 0.8
412 2595 0.9
413 689 0.5
415 441 0.8
415 909 0.8
415 1443 0.8
415 1446 0.4
415 1878 0.4
416 210 0.5
416 713 0.8
416 790 0.3
416 996 0.4
416 1738 0.4
416 1791 0.2
416 1833 0.1
416 1837 0.8
416 2104 0.1
416 2354 0.1
416 2665 0.3
417 139 0.7
418 318 0.5
418 509 0.4
419 136 0.3
419 1270 0.5
419 1313 0.8
420 261 0.7
420 1748 0.4
421 11 0.9
421 193 0.3
421 440 0.7
421 520 0.2
421 2215 0.2
421 2591 0.7
422 256 0.2
423 1692 0.6
424 63 0.5
424 558 0.4
424 1935 0.7
424 2426 0.4
427 30 0.8
427 304 0.4
427 319 0.4
427 336 0.6
427 837 0.5
427 938 0.8
427 1062 0.7
427 1188 0.3
427 1276 0.3
427 1487 0.3
427 1529 0.2
427 1577 0.8
427 2127 0.1
427 2370 0.1
427 2432 0.3
428 19 0.5
428 147 0.4
428 203 0.6
428 206 0.1
428 231 0.4
428 251 0.6
428 305 0.8
428 313 0.8
428 354 0.6
428 392 0.6
428 400 0.5
428 407 0.8
428 462 0.6
428 494 0.1
428 495 0.9
428 527 0.3
428 562 0.5
428 585 0.5
428 588 0.4
428 611 0.4
428 659 0.9
428 666 0.6
428 675 0.6
428 697 0.6
428 699 0.9
428 824 0.3
428 917 0.1
428 947 0.5
428 955 0.5
428 1038 0.4
428 1104 0.4
428 1275 0.8
428 1284 0.6
428 1285 0.9
428 1319 0.4
428 1341 0.5
428 1400 0.6
428 1406 0.7
428 1489 0.1
428 1548 0.5
428 1578 0.5
428 1761 0.5
428 1767 0.7
428 1812 0.8
428 1915 0.2
428 1976 0.8
428 2000 0.2
428 2045 0.6
428 2256 0.3
428 2259 0.5
428 2296 0.2
428 2307 0.3
428 2384 0.1
428 2389 0.3
428 2413 0.6
428 2438 0.9
428 2449 0.4
428 2454 0.8
428 2575 0.5
428 2659 0.7
428 2684 0.2
429 185 0.1
429 303 0.6
429 434 0.8
429 599 0.5
430 30 0.1
430 1515 0.7
431 53 0.9
431 90 0.8
431 120 0.3
431 173 0.4
431 178 0.5
431 209 0.4
431 224 0.1
431 237 0.7
431 382 0.7
431 525 0.4
431 548 0.4
431 633 0.5
431 652 0.7
431 684 0.4
431 687 0.8
431 1021 0.3
431 1166 0.7
431 1208 0.3
431 1271 0.6
431 1285 0.7
431 1569 0.9
431 1618 0.5
431 1638 0.1
431 1699 0.7
431 1793 0.4
431 2034 0.9
431 2138 0.5
431 2198 0.6
431 2344 0.8
431 2488 0.3
431 2558 0.2
431 2594 0.4
432 157 0.6
432 2138 0.4
433 185 0.8
433 303 0.7
433 429 0.8
433 434 0.9
433 599 0.9
434 185 0.7
439 22 0.8
439 80 0.5
439 97 0.2
439 228 0.9
439 297 0.8
439 392 0.8
439 551 0.9
439 608 0.6
439 617 0.1
439 693 0.5
439 711 0.9
439 721 0.1
440 98 0.5
440 389 0.4
442 298 0.7
443 402 0.7
445 754 0.8
448 631 0.4
448 1472 0.5
448 1502 0.8
453 118 0.5
454 10 0.2
454 515 0.7
454 707 0.1
454 877 0.5
454 1026 0.6
454 1270 0.5
454 1359 0.6
454 1450 0.9
454 1567 0.4
454 1662 0.6
454 1713 0.4
454 2035 0.8
454 2060 0.9
454 2093 0.2
454 2099 0.6
454 2100 0.2
454 2157 0.3
454 2355 0.1
454 2456 0.7
454 2619 0.7
455 184 0.6
455 542 0.6
455 1369 0.8
456 375 0.8
457 1297 0.5
457 1749 0.9
457 2100 0.2
457 2456 0.8
457 2654 0.7
460 131 0.3
460 268 0.7
460 1706 0.3
461 149 0.2
463 188 0.3
463 2583 0.6
465 468 0.5
465 574 0.6
466 86 0.8
466 104 0.9
466 119 0.8
466 467 0.2
466 566 0.3
466 567 0.2
466 2028 0.5
466 2369 0.1
466 2673 0.4
467 17 0.6
468 271 0.3
468 277 0.5
468 496 0.5
468 730 0.9
468 2001 0.2
469 183 0.9
469 492 0.6
469 897 0.4
469 2378 0.4
472 3 0.1
472 104 0.1
472 296 0.7
472 1046 0.7
472 1633 0.9
472 1860 0.9
477 606 0.7
477 1057 0.4
477 1092 0.7
478 230 0.6
478 334 0.1
478 428 0.4
478 464 0.3
478 1646 0.4
478 1767 0.2
478 2410 0.2
478 2659 0.9
479 53 0.6
479 97 0.2
479 216 0.8
479 219 0.2
479 228 0.1
479 275 0.8
479 304 0.2
479 397 0.6
479 471 0.7
479 498 0.7
479 521 0.5
479 569 0.6
479 619 0.5
479 755 0.2
480 93 0.2
480 137 0.4
480 148 0.8
480 419 0.2
480 450 0.4
480 479 0.8
480 650 0.8
480 1355 0.2
480 1628 0.2
480 2301 0.2
480 2637 0.3
482 10 0.2
484 278 0.9
484 368 0.3
484 464 0.9
484 651 0.8
484 750 0.7
484 934 0.5
486 712 0.1
486 1839 0.9
486 2381 0.2
486 2515 0.2
486 2562 0.5
487 65 0.3
487 232 0.6
487 285 0.7
487 286 0.5
487 1149 0.6
487 1279 0.7
487 1598 0.1
487 2277 0.3
489 2054 0.9
490 47 0.7
490 239 0.3
490 302 0.2
490 1816 0.8
490 2671 0.8
491 6 0.9
491 7 0.8
491 46 0.8
491 214 0.3
491 221 0.9
491 493 0.6
491 735 0.3
492 183 0.8
492 2378 0.3
493 46 0.3
493 214 0.2
493 735 0.6
493 1187 0.8
493 2324 0.8
496 271 0.6
496 468 0.7
497 502 0.9
497 1897 0.3
497 2394 0.4
502 175 0.5
504 175 0.8
504 502 0.5
504 1814 0.6
504 1852 0.3
504 1953 0.4
504 2030 0.8
504 2397 0.5
505 703 0.8
508 1889 0.2
508 2392 0.6
508 2549 0.4
509 318 0.7
510 315 0.8
510 670 0.2
514 118 0.3
514 453 0.3
515 507 0.8
516 638 0.1
519 2533 0.1
520 11 0.2
520 191 0.5
520 281 0.1
520 511 0.6
520 706 0.2
520 2224 0.6
520 2550 0.2
520 2591 0.9
520 2609 0.4
521 525 0.2
522 157 0.4
522 2313 0.7
523 526 0.6
524 55 0.4
524 278 0.7
524 284 0.6
524 416 0.6
524 466 0.5
524 479 0.5
524 509 0.9
524 541 0.9
524 552 0.5
524 566 0.4
524 871 0.3
524 883 0.8
524 911 0.2
524 962 0.3
524 1215 0.7
524 1617 0.2
524 1677 0.6
524 1688 0.5
524 1791 0.4
524 1922 0.4
524 1932 0.3
524 2409 0.7
524 2443 0.4
524 2481 0.8
524 2552 0.6
524 2601 0.2
524 2643 0.8
525 1170 0.5
525 1455 0.2
528 2607 0.2
532 1491 0.8
534 778 0.3
535 314 0.7
538 358 0.3
538 607 0.4
538 1205 0.8
539 403 0.6
539 488 0.2
539 1037 0.2
539 1205 0.4
539 1690 0.7
539 1739 0.4
539 2166 0.7
539 2194 0.3
539 2310 0.7
540 184 0.1
540 455 0.3
540 542 0.3
540 1210 0.8
540 1211 0.4
540 1454 0.7
540 1666 0.1
541 544 0.2
541 604 0.4
541 1122 0.5
541 1641 0.3
542 184 0.4
543 780 0.9
550 288 0.3
550 454 0.2
550 457 0.3
550 489 0.7
550 508 0.1
550 575 0.9
550 592 0.4
552 483 0.7
552 2216 0.3
552 2474 0.2
553 3 0.4
553 17 0.3
553 58 0.3
553 61 0.4
553 86 0.5
553 93 0.4
553 168 0.4
553 174 0.5
553 211 0.4
553 221 0.5
553 240 0.9
553 278 0.5
553 299 0.4
553 306 0.3
553 307 0.2
553 312 0.5
553 368 0.1
553 371 0.7
553 375 0.7
553 413 0.7
553 447 0.9
553 452 0.6
553 456 0.8
553 467 0.6
553 473 0.7
553 474 0.4
553 484 0.5
553 549 0.3
553 555 0.8
553 560 0.3
553 576 0.7
553 602 0.2
553 622 0.3
553 637 0.2
553 645 0.3
553 654 0.2
553 672 0.2
553 689 0.8
553 692 0.9
553 724 0.8
553 739 0.2
553 750 0.2
555 168 0.2
555 307 0.5
555 447 0.9
555 1860 0.6
556 401 0.4
556 557 0.1
556 616 0.3
556 2355 0.6
558 424 0.2
559 377 0.2
559 424 0.5
559 558 0.3
559 906 0.5
559 1138 0.2
559 1533 0.2
559 1556 0.6
559 1642 0.3
559 1817 0.4
559 1935 0.2
559 2035 0.7
559 2464 0.8
559 2661 0.7
560 35 0.3
560 168 0.4
560 1817 0.9
561 79 0.5
561 939 0.5
561 956 0.5
561 1376 0.3
561 2288 0.5
563 61 0.6
563 253 0.3
563 371 0.4
563 441 0.3
563 672 0.4
563 1118 0.1
563 1184 0.2
563 1402 0.7
563 1890 0.7
563 2015 0.5
563 2019 0.5
564 501 0.3
565 464 0.5
566 3 0.2
566 35 0.7
566 58 0.4
566 61 0.4
566 83 0.6
566 86 0.2
566 93 0.9
566 104 0.7
566 119 0.2
566 129 0.5
566 174 0.8
566 240 0.6
566 245 0.9
566 284 0.8
566 296 0.2
566 306 0.9
566 307 0.3
566 334 0.6
566 368 0.3
566 386 0.2
566 411 0.7
566 426 0.3
566 466 0.9
566 467 0.3
566 478 0.6
566 479 0.4
566 493 0.7
566 503 0.4
566 549 0.4
566 555 0.6
566 565 0.8
566 567 0.7
566 576 0.7
566 602 0.1
566 622 0.7
566 634 0.6
566 645 0.5
566 672 0.3
566 692 0.1
566 739 0.3
566 774 0.3
566 843 0.5
566 883 0.1
566 911 0.1
566 1013 0.1
566 1214 0.6
566 1317 0.6
566 1374 0.4
566 1377 0.2
566 1379 0.7
566 1402 0.2
566 1439 0.5
566 1441 0.3
566 1530 0.7
566 1541 0.2
566 1547 0.4
566 1586 0.5
566 1617 0.7
566 1677 0.1
566 1728 0.2
566 1742 0.5
566 1783 0.7
566 1791 0.8
566 1860 0.7
566 1958 0.8
566 1976 0.6
566 2028 0.6
566 2119 0.2
566 2443 0.2
566 2473 0.1
566 2481 0.9
566 2486 0.9
566 2629 0.3
566 2630 0.5
566 2643 0.4
566 2673 0.7
567 17 0.5
567 35 0.5
567 174 0.8
567 187 0.7
567 275 0.4
567 322 0.3
567 334 0.5
567 450 0.6
567 467 0.4
567 473 0.4
567 478 0.4
567 484 0.7
567 589 0.6
567 634 0.2
567 672 0.4
567 689 0.5
567 700 0.2
567 734 0.9
567 859 0.8
567 1448 0.8
567 1545 0.2
567 1644 0.8
567 1783 0.6
567 1817 0.6
567 2222 0.6
567 2481 0.2
567 2486 0.4
567 2659 0.6
568 22 0.1
568 278 0.4
568 386 0.5
568 503 0.2
568 971 0.3
568 1829 0.1
570 256 0.3
570 457 0.5
570 515 0.1
570 551 0.3
570 711 0.6
570 768 0.3
570 1001 0.6
570 1026 0.4
570 1093 0.5
570 1182 0.3
570 1270 0.1
570 1274 0.6
570 1431 0.4
570 1458 0.6
570 1523 0.5
570 1713 0.2
570 1987 0.2
570 2100 0.4
571 60 0.3
571 170 0.2
571 213 0.1
571 873 0.9
571 875 0.2
571 1068 0.8
571 1201 0.2
571 1244 0.6
571 1246 0.3
571 1247 0.4
571 1259 0.4
571 1382 0.5
571 1525 0.4
571 1710 0.7
571 1815 0.3
571 1923 0.4
571 2027 0.2
572 20 0.2
572 425 0.7
572 1763 0.5
572 2332 0.3
572 2496 0.9
572 2695 0.3
573 113 0.2
574 271 0.5
574 465 0.3
575 243 0.3
575 1007 0.8
575 1828 0.2
575 1963 0.2
575 2041 0.7
575 2361 0.3
575 2476 0.7
576 883 0.2
576 1379 0.3
576 2486 0.2
577 60 0.4
577 213 0.6
577 294 0.9
577 331 0.8
577 355 0.3
577 356 0.3
577 571 0.1
577 606 0.3
577 727 0.1
577 835 0.2
577 840 0.2
577 864 0.6
577 875 0.2
577 1015 0.3
577 1068 0.3
577 1201 0.8
577 1246 0.9
577 1259 0.3
577 1382 0.7
577 1525 0.5
577 1527 0.3
577 1711 0.1
577 1802 0.3
577 1815 0.8
577 1923 0.5
577 1933 0.2
577 2027 0.7
577 2553 0.7
578 251 0.3
578 313 0.4
578 390 0.9
578 402 0.8
578 1503 0.8
578 1533 0.8
578 2035 0.6
578 2493 0.5
578 2661 0.5
579 14 0.2
579 483 0.5
579 1123 0.4
579 1334 0.6
579 1878 0.7
581 923 0.6
581 1213 0.2
582 50 0.5
582 51 0.8
582 223 0.9
582 581 0.6
583 260 0.7
583 819 0.7
583 1499 0.2
583 1793 0.9
584 51 0.8
584 65 0.4
584 285 0.9
584 644 0.7
584 1127 0.8
584 1215 0.7
584 1279 0.6
584 2372 0.9
584 2399 0.7
584 2569 0.7
586 336 0.7
586 912 0.4
586 1062 0.8
586 1276 0.4
586 2291 0.2
586 2292 0.8
589 187 0.8
589 700 0.2
590 283 0.3
590 593 0.6
592 200 0.7
592 288 0.4
592 454 0.8
592 489 0.6
592 550 0.6
592 849 0.5
592 1033 0.9
592 1106 0.5
592 1187 0.8
592 1359 0.2
592 2156 0.7
592 2183 0.3
592 2476 0.1
592 2691 0.7
593 283 0.5
593 590 0.7
593 1145 0.2
593 1510 0.9
594 301 0.1
594 595 0.7
596 122 0.6
596 234 0.2
598 107 0.6
598 225 0.7
598 435 0.2
608 822 0.2
608 1056 0.3
609 134 0.2
609 180 0.9
609 395 0.4
609 612 0.8
609 681 0.8
609 976 0.3
609 2231 0.4
612 29 0.5
612 134 0.5
612 180 0.8
612 369 0.2
612 387 0.7
612 414 0.6
612 512 0.4
612 580 0.8
612 602 0.2
612 634 0.5
612 717 0.6
612 719 0.7
612 865 0.2
612 900 0.3
612 939 0.1
612 1104 0.6
612 1117 0.4
612 1266 0.1
612 1316 0.6
612 1353 0.3
612 1489 0.8
612 1494 0.2
612 1500 0.6
612 1565 0.4
612 1669 0.9
612 1733 0.9
612 1756 0.5
612 1764 0.6
612 1936 0.6
612 2051 0.6
612 2231 0.5
612 2261 0.5
612 2326 0.2
612 2341 0.7
612 2353 0.4
612 2379 0.4
612 2386 0.6
612 2502 0.3
612 2506 0.3
612 2541 0.2
612 2677 0.8
613 290 0.2
613 1047 0.8
613 2569 0.3
614 233 0.3
614 269 0.6
614 617 0.7
614 2572 0.4
615 616 0.4
616 55 0.7
616 99 0.7
616 557 0.5
617 269 0.9
618 227 0.3
622 472 0.2
622 1860 0.2
623 346 0.8
623 378 0.7
624 638 0.6
624 1065 0.5
624 1938 0.5
624 2141 0.6
625 12 0.4
625 113 0.9
625 573 0.1
625 701 0.5
626 701 0.7
628 339 0.1
628 1058 0.7
628 1271 0.2
628 1563 0.4
628 1680 0.7
630 222 0.8
630 613 0.1
631 409 0.2
631 448 0.1
632 384 0.5
632 1058 0.6
632 1563 0.9
633 402 0.8
633 684 0.5
634 198 0.9
635 431 0.5
635 687 0.1
635 1514 0.3
635 2594 0.6
636 90 0.8
636 173 0.3
636 178 0.7
636 209 0.2
636 257 0.7
636 265 0.7
636 376 0.2
636 382 0.9
636 431 0.1
636 437 0.7
636 443 0.6
636 475 0.3
636 633 0.7
636 635 0.8
636 652 0.3
636 661 0.1
636 684 0.2
636 687 0.7
636 723 0.5
637 119 0.2
637 765 0.7
637 2028 0.8
637 2174 0.6
637 2175 0.6
637 2205 0.4
637 2234 0.9
637 2673 0.3
639 90 0.4
639 228 0.8
639 265 0.7
639 297 0.2
639 349 0.4
639 376 0.7
639 384 0.3
639 442 0.7
639 450 0.2
639 522 0.8
639 619 0.4
639 702 0.3
639 723 0.6
639 780 0.1
639 863 0.7
639 1028 0.2
639 1190 0.3
639 1313 0.6
639 1328 0.5
639 1461 0.5
639 1469 0.3
639 1540 0.6
639 1809 0.3
639 1896 0.6
639 1920 0.6
639 2046 0.8
639 2147 0.2
639 2172 0.9
639 2427 0.6
639 2466 0.4
639 2542 0.3
639 2674 0.9
640 585 0.5
640 1764 0.3
641 21 0.3
641 110 0.8
641 131 0.1
641 200 0.6
641 288 0.4
641 460 0.3
641 550 0.5
641 575 0.4
641 592 0.8
641 636 0.2
641 733 0.4
641 1364 0.1
641 1898 0.8
641 2055 0.5
641 2476 0.5
642 377 0.8
642 485 0.9
642 1740 0.6
643 485 0.2
643 698 0.7
644 50 0.4
644 51 0.1
644 223 0.2
644 1905 0.3
644 2490 0.8
646 52 0.6
646 212 0.5
646 313 0.6
646 743 0.8
647 451 0.2
650 97 0.4
650 167 0.9
650 458 0.5
650 753 0.2
650 1644 0.7
650 2124 0.3
650 2295 0.2
650 2404 0.2
650 2561 0.6
650 2582 0.9
651 473 0.9
651 1558 0.5
653 374 0.2
655 136 0.5
655 1261 0.5
656 199 0.7
657 149 0.6
657 651 0.2
657 658 0.4
657 774 0.3
659 1578 0.4
660 12 0.2
660 398 0.3
660 625 0.3
660 626 0.2
660 696 0.4
661 636 0.6
662 1192 0.4
663 182 0.5
663 519 0.3
664 497 0.3
664 502 0.2
664 2394 0.5
665 979 0.5
668 258 0.3
668 481 0.5
668 868 0.7
668 1357 0.5
668 1929 0.8
668 1975 0.2
668 2073 0.5
668 2228 0.3
668 2271 0.2
669 264 0.6
669 311 0.8
669 605 0.6
669 976 0.8
669 1316 0.8
669 1509 0.8
669 2414 0.4
669 2415 0.1
669 2563 0.8
669 2684 0.3
671 604 0.8
672 1600 0.3
673 131 0.7
673 457 0.4
673 536 0.3
673 550 0.1
673 575 0.1
673 592 0.5
673 925 0.3
673 1004 0.3
673 1005 0.8
673 1294 0.8
673 1344 0.2
673 1364 0.7
673 1387 0.4
673 1461 0.4
673 2005 0.8
673 2330 0.6
673 2361 0.5
673 2654 0.6
673 2697 0.4
676 598 0.2
676 1430 0.1
676 1443 0.6
676 1446 0.3
676 2340 0.8
677 606 0.2
677 1015 0.5
677 1057 0.3
677 1092 0.4
679 529 0.8
683 1792 0.4
683 2431 0.8
685 526 0.5
685 1426 0.8
687 45 0.4
687 117 0.7
687 120 0.3
687 224 0.5
687 226 0.4
687 382 0.8
687 431 0.3
687 684 0.6
687 761 0.3
687 1274 0.3
687 1699 0.5
687 2542 0.2
687 2558 0.4
688 111 0.6
688 627 0.2
688 1158 0.3
688 1565 0.4
688 1701 0.8
688 1705 0.8
688 2382 0.2
688 2684 0.9
689 253 0.9
689 836 0.9
689 1249 0.7
690 1581 0.3
690 1827 0.9
691 446 0.4
691 2458 0.6
692 1558 0.5
693 297 0.8
694 532 0.3
694 649 0.5
694 1472 0.6
694 1502 0.4
697 216 0.2
697 580 0.3
697 1673 0.2
699 361 0.2
699 475 0.7
699 1432 0.2
700 589 0.3
704 2234 0.6
705 377 0.3
710 342 0.2
710 530 0.7
713 55 0.3
713 682 0.1
713 1037 0.7
713 1966 0.9
713 2665 0.5
715 834 0.8
715 1036 0.3
715 1300 0.2
718 524 0.3
718 1123 0.7
718 1878 0.3
718 2503 0.1
718 2569 0.9
720 88 0.4
720 521 0.6
720 610 0.8
720 612 0.8
720 1113 0.8
720 1134 0.7
720 1667 0.7
720 1839 0.4
720 2562 0.2
726 49 0.8
726 94 0.2
727 1069 0.6
727 1419 0.6
728 1800 0.9
729 244 0.5
729 944 0.2
729 1128 0.5
729 1306 0.4
729 1467 0.6
730 68 0.4
730 468 0.8
730 1946 0.3
730 1994 0.7
731 771 0.5
731 1890 0.5
732 331 0.9
732 577 0.2
732 809 0.8
732 1451 0.6
732 1779 0.3
733 21 0.3
733 268 0.8
733 1898 0.7
735 214 0.7
736 87 0.7
736 196 0.4
736 217 0.4
736 308 0.5
736 1957 0.5
736 2107 0.7
736 2528 0.1
736 2650 0.1
739 211 0.5
739 565 0.8
739 576 0.4
739 622 0.3
739 1184 0.7
739 1214 0.5
739 1377 0.6
739 1586 0.2
739 1728 0.3
739 1742 0.6
739 2629 0.1
739 2630 0.6
741 165 0.7
741 419 0.9
741 561 0.5
741 930 0.4
741 1560 0.8
741 1665 0.3
741 1668 0.3
741 1684 0.8
741 1704 0.8
742 688 0.1
742 1158 0.4
744 66 0.3
744 2078 0.5
744 2317 0.6
745 66 0.1
745 744 0.5
745 2078 0.4
745 2317 0.3
746 19 0.6
746 37 0.1
746 73 0.3
746 92 0.1
746 111 0.3
746 125 0.3
746 128 0.8
746 206 0.9
746 356 0.7
746 387 0.4
746 459 0.8
746 478 0.2
746 562 0.8
746 601 0.7
746 667 0.4
746 688 0.6
746 772 0.4
746 963 0.7
746 1158 0.5
746 1565 0.5
746 1701 0.9
746 1705 0.7
746 1757 0.5
746 1764 0.7
746 1887 0.3
746 1933 0.2
746 2163 0.6
746 2166 0.8
746 2326 0.3
746 2337 0.7
746 2438 0.5
748 19 0.8
748 27 0.9
748 44 0.6
748 73 0.4
748 74 0.8
748 84 0.9
748 92 0.2
748 105 0.8
748 111 0.7
748 113 0.8
748 114 0.4
748 125 0.5
748 128 0.9
748 147 0.5
748 154 0.4
748 176 0.1
748 187 0.7
748 199 0.6
748 203 0.9
748 204 0.1
748 205 0.5
748 206 0.6
748 208 0.2
748 218 0.8
748 230 0.7
748 235 0.6
748 236 0.7
748 284 0.3
748 311 0.4
748 316 0.1
748 329 0.8
748 331 0.6
748 337 0.3
748 350 0.7
748 354 0.6
748 363 0.8
748 369 0.8
748 370 0.3
748 387 0.9
748 398 0.3
748 459 0.2
748 490 0.2
748 495 0.2
748 503 0.2
748 527 0.4
748 528 0.3
748 543 0.4
748 546 0.5
748 562 0.4
748 573 0.5
748 580 0.6
748 589 0.9
748 600 0.9
748 601 0.7
748 610 0.7
748 611 0.2
748 621 0.2
748 629 0.4
748 656 0.3
748 666 0.2
748 681 0.8
748 686 0.4
748 696 0.2
748 697 0.8
748 700 0.8
748 701 0.3
748 704 0.2
748 720 0.9
748 725 0.3
748 738 0.6
748 742 0.5
748 764 0.6
748 772 0.1
748 780 0.8
749 139 0.5
749 1934 0.6
750 198 0.9
751 245 0.6
752 9 0.9
752 436 0.4
752 545 0.6
753 1622 0.7
757 177 0.9
758 756 0.3
758 1966 0.6
759 266 0.3
760 24 0.4
760 94 0.1
760 96 0.9
760 100 0.9
760 162 0.8
760 293 0.6
762 10 0.5
762 41 0.2
762 536 0.6
764 242 0.7
764 2356 0.4
765 637 0.4
765 770 0.2
765 1312 0.3
765 1582 0.4
765 2175 0.3
767 79 0.3
767 182 0.1
767 519 0.4
767 980 0.6
767 2533 0.3
768 256 0.5
772 73 0.5
772 105 0.5
773 52 0.2
773 313 0.1
773 743 0.6
773 769 0.5
773 1148 0.5
773 1241 0.6
773 1242 0.8
773 1503 0.6
773 2077 0.1
773 2167 0.8
773 2168 0.6
779 57 0.1
780 543 0.3
780 685 0.1
783 1533 0.8
785 846 0.5
785 1339 0.7
785 1614 0.4
786 1514 0.4
787 792 0.1
788 1438 0.3
789 946 0.2
789 1269 0.6
789 1415 0.5
789 2324 0.7
789 2426 0.3
791 1511 0.4
792 1662 0.5
793 1096 0.8
794 43 0.5
794 164 0.7
794 263 0.6
794 857 0.7
794 944 0.2
794 960 0.6
794 1070 0.4
794 1071 0.2
794 1111 0.1
794 1128 0.2
794 1140 0.3
794 1206 0.3
794 1250 0.2
794 1331 0.4
794 1334 0.9
794 1335 0.1
794 1381 0.4
794 1456 0.7
794 1468 0.5
794 1692 0.9
794 1695 0.6
794 1716 0.2
794 1735 0.4
796 795 0.2
799 508 0.2
799 793 0.7
799 1096 0.3
799 1106 0.2
799 1434 0.7
802 314 0.1
802 1476 0.1
803 974 0.6
804 54 0.8
804 358 0.6
804 1440 0.2
804 1564 0.7
805 1586 0.3
805 1665 0.8
806 991 0.1
808 1439 0.1
809 864 0.1
809 1321 0.4
809 1343 0.7
809 1451 0.8
810 298 0.4
810 813 0.8
810 815 0.8
810 909 0.2
810 920 0.2
810 1045 0.9
810 1081 0.7
810 1191 0.2
810 1223 0.6
810 1230 0.4
810 1366 0.3
810 1616 0.6
810 1640 0.3
813 1045 0.5
813 1081 0.3
813 1366 0.6
815 813 0.8
815 1045 0.4
815 1366 0.5
818 819 0.6
818 820 0.6
819 818 0.7
819 820 0.8
821 830 0.2
821 1116 0.2
825 1216 0.2
825 1708 0.4
826 1216 0.8
826 1708 0.8
827 1238 0.4
827 1274 0.4
827 1423 0.6
827 1458 0.2
827 1607 0.5
829 1423 0.5
829 1458 0.4
833 1702 0.1
834 1517 0.6
834 2002 0.5
835 1815 0.3
836 1249 0.5
838 1687 0.9
839 1459 0.7
840 60 0.9
840 875 0.2
840 1068 0.4
840 1527 0.2
840 1710 0.8
844 569 0.8
844 576 0.9
844 1102 0.2
844 2659 0.9
847 220 0.2
847 758 0.6
847 782 0.3
847 1534 0.3
847 2174 0.8
847 2205 0.9
848 711 0.2
848 849 0.4
848 1033 0.3
848 1403 0.7
848 1469 0.8
849 848 0.6
849 1033 0.5
849 1224 0.5
849 1389 0.3
849 1401 0.2
849 1469 0.1
849 1608 0.8
849 1740 0.6
850 1721 0.8
858 2061 0.6
859 282 0.3
859 992 0.5
859 2036 0.2
861 1941 0.4
863 786 0.8
863 1156 0.5
863 1408 0.4
863 1514 0.8
863 2365 0.5
866 252 0.8
866 796 0.2
866 933 0.3
866 1506 0.3
866 2561 0.4
867 891 0.1
872 1592 0.7
874 921 0.4
876 371 0.5
876 555 0.2
876 776 0.7
876 934 0.6
876 1193 0.9
878 1652 0.1
879 1024 0.8
879 1473 0.3
880 701 0.3
880 980 0.8
881 816 0.9
881 1524 0.8
882 113 0.9
882 573 0.3
882 817 0.3
882 1120 0.1
882 1412 0.4
882 2204 0.2
882 2296 0.6
882 2406 0.7
882 2455 0.7
882 2703 0.7
883 1013 0.2
883 1317 0.8
883 1617 0.4
884 1211 0.7
884 1666 0.8
886 832 0.5
888 984 0.8
888 1532 0.8
889 42 0.4
889 897 0.4
889 1732 0.3
892 1438 0.5
893 890 0.3
895 1256 0.7
896 1437 0.4
899 1688 0.7
903 911 0.6
903 965 0.5
903 966 0.7
903 967 0.3
903 982 0.1
905 116 0.4
905 353 0.6
905 890 0.8
905 893 0.4
905 1373 0.1
905 1734 0.1
906 1398 0.8
910 828 0.2
911 765 0.8
911 812 0.4
911 903 0.7
911 965 0.3
911 967 0.5
911 982 0.9
911 983 0.5
911 1118 0.8
911 1132 0.6
911 1141 0.9
911 1222 0.7
911 1254 0.8
911 1312 0.1
911 1433 0.9
911 1482 0.2
911 1574 0.5
911 1590 0.2
911 1591 0.5
911 1674 0.5
912 178 0.9
913 1150 0.8
913 1151 0.8
914 828 0.1
914 910 0.6
915 273 0.6
917 2374 0.8
917 2375 0.8
917 2687 0.5
918 785 0.6
918 851 0.4
918 1339 0.6
920 909 0.7
923 924 0.5
923 1234 0.4
923 1417 0.5
924 1234 0.4
924 1417 0.6
925 1481 0.5
930 2443 0.7
931 806 0.8
931 1063 0.8
931 1255 0.8
935 845 0.9
935 861 0.5
935 941 0.7
935 1010 0.2
935 1354 0.9
935 1632 0.2
939 1128 0.6
939 2197 0.2
940 1243 0.8
942 1442 0.4
942 1718 0.8
947 1180 0.4
952 1402 0.5
953 1065 0.7
955 451 0.2
955 1462 0.2
955 1592 0.7
956 1281 0.8
962 1516 0.5
963 830 0.5
965 903 0.3
965 966 0.4
965 967 0.4
965 1141 0.8
965 1433 0.5
965 1482 0.5
965 1674 0.4
966 178 0.8
966 967 0.5
966 982 0.6
966 1061 0.8
966 1141 0.3
966 1254 0.2
966 1433 0.1
966 1482 0.8
966 1591 0.6
966 1674 0.6
967 1132 0.6
967 1141 0.2
967 1482 0.9
967 1674 0.6
968 57 0.8
968 58 0.8
968 307 0.5
968 323 0.6
968 690 0.2
968 848 0.7
968 849 0.2
968 958 0.2
968 1033 0.3
968 1395 0.7
968 1401 0.5
968 1562 0.8
970 955 0.6
971 1397 0.8
972 1603 0.5
973 954 0.4
975 845 0.4
975 971 0.3
977 906 0.3
979 1826 0.2
980 1826 0.4
981 1489 0.1
982 1141 0.9
984 929 0.2
984 1003 0.5
984 1303 0.4
984 1532 0.5
984 1736 0.7
986 160 0.3
986 1103 0.7
986 2039 0.8
986 2067 0.9
987 137 0.7
987 863 0.6
987 1643 0.8
987 2485 0.8
987 2606 0.4
987 2617 0.9
989 1516 0.5
990 1069 0.4
990 1419 0.2
991 1775 0.5
994 974 0.2
996 957 0.6
996 1231 0.4
996 1232 0.9
996 1233 0.1
996 1496 0.7
996 1691 0.3
996 1972 0.2
996 1986 0.3
996 2140 0.3
1001 932 0.2
1003 1736 0.8
1004 787 0.6
1004 792 0.2
1004 1005 0.7
1004 1344 0.5
1004 1365 0.4
1004 1470 0.2
1004 1898 0.3
1004 2029 0.5
1004 2147 0.8
1004 2183 0.2
1004 2484 0.6
1005 787 0.1
1005 792 0.5
1005 1004 0.8
1005 1344 0.5
1005 1365 0.1
1005 1470 0.2
1005 2147 0.1
1005 2351 0.3
1005 2484 0.3
1006 1314 0.5
1007 243 0.4
1007 473 0.2
1007 651 0.2
1007 877 0.2
1007 1026 0.2
1007 2041 0.4
1008 838 0.6
1008 1920 0.8
1008 2218 0.6
1008 2427 0.2
1009 1012 0.8
1009 1487 0.4
1011 878 0.8
1011 1012 0.5
1011 1183 0.9
1011 1652 0.5
1015 1057 0.4
1015 1092 0.6
1016 853 0.2
1016 997 0.6
1016 1339 0.2
1017 728 0.3
1017 729 0.8
1017 857 0.4
1017 944 0.2
1017 1071 0.1
1017 1111 0.5
1017 1206 0.4
1017 1306 0.8
1017 1467 0.8
1017 1671 0.1
1017 1730 0.3
1019 1143 0.4
1020 854 0.3
1020 863 0.3
1020 907 0.6
1020 927 0.6
1020 928 0.9
1020 1257 0.7
1020 1291 0.8
1021 2578 0.6
1024 1091 0.6
1026 877 0.4
1026 1389 0.4
1026 1450 0.4
1026 1713 0.8
1027 1106 0.7
1027 1434 0.2
1028 57 0.5
1028 1389 0.2
1029 207 0.8
1029 1038 0.1
1029 1043 0.3
1029 1436 0.6
1029 1611 0.3
1030 1091 0.1
1030 2457 0.8
1035 1731 0.7
1038 1043 0.8
1038 1471 0.5
1038 1611 0.3
1039 917 0.6
1039 1197 0.7
1043 1436 0.7
1044 1043 0.3
1044 1436 0.4
1047 1345 0.8
1048 604 0.8
1048 1345 0.5
1048 1356 0.6
1048 1421 0.9
1049 985 0.7
1051 1172 0.7
1051 1307 0.8
1051 1390 0.1
1051 1493 0.5
1051 1500 0.3
1051 1592 0.7
1053 601 0.4
1053 833 0.6
1053 1052 0.8
1053 1067 0.3
1054 854 0.5
1054 932 0.2
1054 1025 0.1
1054 1198 0.6
1054 1464 0.5
1054 1569 0.5
1054 1608 0.7
1059 1212 0.8
1059 2455 0.4
1060 1056 0.8
1061 1891 0.4
1061 2040 0.8
1062 1011 0.3
1062 1245 0.8
1062 1579 0.6
1062 1652 0.8
1063 1324 0.3
1063 2652 0.9
1064 1066 0.4
1064 1629 0.5
1065 1938 0.6
1066 1280 0.9
1068 835 0.4
1068 1802 0.2
1068 1815 0.7
1070 423 0.9
1070 1097 0.2
1070 1456 0.2
1070 1686 0.6
1073 840 0.1
1077 1079 0.7
1079 1077 0.1
1080 612 0.4
1080 865 0.3
1080 976 0.1
1080 1010 0.5
1080 1104 0.7
1080 1316 0.8
1080 1719 0.2
1080 1725 0.8
1081 815 0.3
1082 522 0.3
1083 522 0.3
1083 1082 0.9
1083 2313 0.4
1085 859 0.9
1085 992 0.4
1085 2036 0.7
1087 1077 0.8
1087 1079 0.9
1087 1546 0.7
1087 1583 0.2
1087 1642 0.8
1096 1434 0.5
1096 1457 0.5
1103 1371 0.2
1103 1414 0.6
1103 1480 0.4
1107 1066 0.2
1107 1306 0.4
1108 1618 0.6
1110 2152 0.8
1112 1102 0.5
1112 1413 0.8
1112 2293 0.8
1113 102 0.6
1113 927 0.5
1113 1074 0.3
1113 1404 0.4
1113 1513 0.4
1113 2416 0.8
1114 1381 0.5
1115 603 0.6
1115 1118 0.4
1115 1262 0.7
1115 1372 0.8
1115 1589 0.1
1115 1604 0.8
1115 1697 0.8
1117 32 0.2
1117 709 0.6
1117 737 0.9
1117 1594 0.6
1118 1226 0.7
1118 1262 0.4
1118 1589 0.8
1118 1604 0.2
1118 2333 0.9
1119 135 0.4
1119 1541 0.5
1120 2406 0.7
1121 1678 0.9
1121 2276 0.6
1122 644 0.3
1122 807 0.6
1122 1047 0.3
1122 1139 0.4
1122 1641 0.4
1123 595 0.5
1123 800 0.3
1123 1195 0.7
1124 76 0.9
1124 540 0.8
1124 542 0.6
1124 1177 0.3
1124 1189 0.3
1124 1484 0.1
1125 454 0.5
1125 1567 0.9
1125 1568 0.6
1126 818 0.1
1126 819 0.7
1126 858 0.8
1126 1484 0.3
1127 581 0.7
1127 924 0.3
1127 1213 0.7
1127 1498 0.7
1127 2490 0.2
1130 810 0.5
1130 815 0.2
1130 920 0.5
1130 1081 0.6
1130 1191 0.3
1130 1223 0.6
1131 960 0.8
1131 1335 0.4
1135 1265 0.1
1135 2282 0.2
1137 728 0.9
1137 801 0.9
1137 936 0.8
1137 1019 0.7
1137 1031 0.8
1137 1061 0.8
1137 1064 0.6
1137 1143 0.5
1137 1287 0.2
1137 1334 0.5
1137 1517 0.3
1137 1559 0.2
1137 1576 0.2
1137 1595 0.5
1137 1741 0.2
1139 807 0.1
1139 1421 0.6
1139 1598 0.8
1140 781 0.4
1140 1019 0.2
1140 1573 0.9
1140 1599 0.3
1141 812 0.6
1141 1312 0.4
1141 2295 0.8
1143 1019 0.5
1146 1324 0.4
1147 821 0.4
1147 1677 0.6
1149 1356 0.5
1149 1598 0.3
1150 1151 0.7
1150 1324 0.3
1151 1324 0.7
1152 1351 0.4
1154 857 0.8
1154 943 0.3
1154 1064 0.3
1154 1066 0.2
1154 1071 0.6
1154 1078 0.4
1154 1114 0.7
1154 1128 0.6
1154 1205 0.5
1154 1206 0.2
1154 1220 0.4
1154 1258 0.4
1154 1411 0.3
1154 1456 0.6
1154 1612 0.9
1154 1676 0.5
1155 820 0.7
1155 1532 0.3
1156 784 0.6
1156 786 0.7
1156 1408 0.1
1157 1014 0.8
1160 1486 0.7
1160 2565 0.3
1161 1167 0.1
1162 2325 0.6
1165 1585 0.4
1168 1331 0.8
1168 1332 0.1
1168 1333 0.6
1169 803 0.8
1170 1455 0.8
1171 518 0.3
1173 624 0.3
1173 916 0.7
1173 1142 0.6
1173 2109 0.9
1173 2342 0.4
1175 304 0.7
1175 415 0.5
1175 894 0.2
1175 903 0.3
1175 1034 0.7
1175 1075 0.6
1175 1103 0.2
1175 1136 0.9
1175 1298 0.7
1176 1326 0.6
1176 1629 0.4
1177 255 0.4
1177 2273 0.3
1178 1181 0.5
1178 1621 0.7
1178 1628 0.8
1179 855 0.4
1179 957 0.8
1179 996 0.1
1179 1035 0.8
1179 1100 0.3
1179 1231 0.5
1179 1232 0.2
1179 1233 0.9
1179 1363 0.5
1179 1477 0.3
1179 1689 0.6
1179 1691 0.4
1179 1737 0.3
1179 1738 0.6
1183 1074 0.7
1183 1685 0.6
1183 1727 0.3
1185 121 0.7
1185 142 0.5
1185 782 0.3
1185 845 0.8
1185 861 0.9
1185 1363 0.2
1185 1785 0.5
1185 2200 0.1
1186 1001 0.1
1186 1522 0.8
1192 693 0.3
1192 1054 0.6
1193 322 0.3
1194 1184 0.6
1195 595 0.1
1196 1324 0.1
1196 1631 0.7
1197 841 0.6
1199 419 0.3
1199 518 0.8
1199 860 0.6
1199 1171 0.2
1199 1297 0.3
1199 1684 0.8
1203 1184 0.1
1204 543 0.5
1204 780 0.5
1204 817 0.5
1204 882 0.6
1204 1120 0.7
1204 1196 0.4
1204 1412 0.3
1204 1631 0.8
1207 790 0.5
1207 1545 0.7
1208 901 0.4
1212 1248 0.2
1213 818 0.8
1213 819 0.4
1213 820 0.4
1213 1553 0.3
1215 1636 0.6
1216 581 0.7
1216 819 0.4
1216 820 0.2
1216 825 0.6
1216 826 0.7
1216 1210 0.6
1216 1700 0.4
1216 1708 0.4
1217 1036 0.2
1217 1300 0.6
1217 1572 0.6
1218 1350 0.2
1219 715 0.6
1219 834 0.9
1219 1036 0.3
1219 1300 0.9
1219 1425 0.6
1219 1517 0.1
1219 1531 0.7
1219 1572 0.1
1219 1671 0.3
1222 1798 0.7
1222 2704 0.5
1224 1608 0.3
1225 2674 0.3
1228 1237 0.4
1232 855 0.6
1232 957 0.3
1232 1231 0.2
1232 1233 0.5
1232 1986 0.6
1232 2087 0.4
1235 14 0.7
1235 791 0.5
1235 938 0.4
1235 978 0.5
1235 1188 0.4
1235 1227 0.8
1235 1264 0.3
1235 1276 0.2
1235 1511 0.3
1237 297 0.9
1237 383 0.3
1237 862 0.9
1237 1228 0.6
1237 1670 0.2
1238 1522 0.8
1239 1026 0.8
1239 1501 0.3
1239 1551 0.1
1241 85 0.3
1241 743 0.5
1241 842 0.8
1241 898 0.6
1241 913 0.3
1241 951 0.3
1241 988 0.7
1241 999 0.2
1241 1000 0.2
1241 1087 0.3
1241 1142 0.5
1241 1148 0.9
1241 1202 0.5
1241 1242 0.3
1241 1348 0.1
1242 85 0.4
1242 913 0.4
1242 951 0.3
1242 999 0.4
1242 1142 0.2
1242 1148 0.8
1242 1241 0.4
1242 1348 0.8
1243 940 0.1
1245 1597 0.4
1246 1244 0.1
1250 1055 0.4
1250 1409 0.5
1250 1735 0.9
1251 400 0.5
1251 1252 0.4
1252 400 0.7
1253 821 0.2
1253 830 0.7
1253 831 0.1
1253 908 0.4
1253 919 0.7
1253 1116 0.4
1253 1486 0.7
1253 1635 0.4
1254 812 0.5
1254 1132 0.2
1254 1312 0.5
1255 931 0.7
1255 1063 0.8
1255 1465 0.7
1256 96 0.9
1257 882 0.2
1258 1720 0.7
1258 1873 0.2
1258 2088 0.7
1258 2176 0.4
1258 2260 0.7
1260 93 0.7
1260 137 0.4
1260 522 0.8
1260 894 0.3
1260 1082 0.9
1260 1083 0.9
1260 1945 0.2
1260 2214 0.8
1260 2313 0.6
1261 1105 0.3
1263 1105 0.1
1266 922 0.5
1266 1726 0.5
1267 837 0.6
1267 1577 0.2
1268 1336 0.7
1268 1501 0.8
1269 789 0.2
1269 977 0.7
1269 1187 0.4
1269 1415 0.6
1269 1758 0.7
1269 1843 0.5
1269 1899 0.6
1269 2141 0.8
1269 2324 0.8
1270 877 0.7
1270 1261 0.5
1270 1313 0.1
1270 2619 0.5
1271 237 0.2
1272 237 0.3
1272 998 0.7
1273 1605 0.7
1276 2291 0.8
1276 2292 0.4
1276 2618 0.2
1278 1477 0.1
1278 2278 0.7
1282 949 0.8
1282 1273 0.2
1282 1283 0.7
1282 1452 0.5
1282 1472 0.7
1282 1605 0.5
1283 949 0.6
1283 1023 0.3
1283 1273 0.3
1283 1282 0.5
1283 1447 0.5
1283 1472 0.7
1283 1495 0.5
1284 231 0.5
1284 392 0.6
1284 824 0.6
1284 1285 0.5
1284 1319 0.6
1284 1548 0.1
1285 1056 0.4
1285 1170 0.7
1286 406 0.5
1286 771 0.7
1286 969 0.9
1286 1177 0.5
1286 1299 0.7
1286 1383 0.6
1288 500 0.1
1288 788 0.3
1288 811 0.8
1288 906 0.7
1288 946 0.6
1288 977 0.6
1288 1398 0.7
1288 1415 0.4
1288 1438 0.7
1289 108 0.6
1289 109 0.2
1289 500 0.4
1289 788 0.4
1289 1092 0.1
1289 1129 0.2
1289 1415 0.4
1289 1503 0.8
1291 219 0.3
1291 424 0.5
1291 430 0.5
1291 894 0.6
1291 1026 0.7
1291 1192 0.5
1291 1198 0.7
1291 1227 0.6
1291 1239 0.7
1291 1645 0.9
1291 1713 0.9
1291 1919 0.4
1291 2081 0.6
1291 2170 0.7
1291 2330 0.1
1293 961 0.5
1293 1050 0.2
1293 1072 0.6
1293 1086 0.3
1294 2285 0.4
1295 916 0.4
1296 887 0.5
1299 408 0.1
1301 1321 0.9
1301 1343 0.6
1302 961 0.4
1302 1267 0.5
1302 2347 0.6
1304 1275 0.6
1304 2348 0.6
1306 1066 0.5
1306 1099 0.4
1306 1275 0.8
1306 1576 0.9
1306 1741 0.5
1307 608 0.7
1307 1500 0.8
1308 1058 0.5
1308 1658 0.7
1309 1505 0.8
1309 1508 0.2
1310 925 0.2
1310 1133 0.8
1310 1187 0.2
1311 1307 0.6
1311 1500 0.7
1313 1261 0.2
1313 1270 0.2
1313 1623 0.6
1314 1624 0.9
1314 1656 0.4
1316 2596 0.3
1320 1392 0.5
1322 298 0.5
1322 815 0.7
1322 1042 0.7
1322 1081 0.3
1322 1191 0.9
1322 1223 0.1
1323 324 0.7
1323 1021 0.1
1323 1028 0.3
1323 1623 0.8
1323 2540 0.5
1325 261 0.4
1325 1544 0.3
1325 1748 0.7
1325 2077 0.2
1327 106 0.6
1327 249 0.8
1327 420 0.2
1327 777 0.5
1327 972 0.5
1327 1603 0.9
1327 1748 0.7
1327 2145 0.7
1327 2162 0.3
1327 2435 0.8
1328 1166 0.8
1329 784 0.3
1329 786 0.3
1329 928 0.6
1329 948 0.3
1329 1021 0.4
1329 1032 0.2
1329 1102 0.2
1329 1108 0.9
1329 1110 0.6
1329 1112 0.4
1329 1156 0.1
1329 1174 0.7
1329 1413 0.8
1329 1424 0.7
1329 1514 0.2
1329 1569 0.8
1329 1585 0.6
1330 1021 0.2
1330 1050 0.3
1330 1072 0.5
1330 1987 0.5
1330 2128 0.7
1334 1208 0.4
1334 1225 0.2
1334 1226 0.9
1334 1370 0.8
1334 1468 0.8
1334 1515 0.5
1334 1709 0.6
1336 886 0.8
1336 945 0.8
1336 1025 0.3
1336 1033 0.1
1336 1224 0.6
1336 1271 0.4
1336 1479 0.6
1336 1513 0.8
1336 1608 0.6
1337 1028 0.4
1337 1479 0.7
1338 945 0.8
1338 1021 0.7
1338 1336 0.6
1338 2301 0.2
1338 2344 0.4
1339 856 0.8
1340 435 0.9
1340 1112 0.3
1340 1336 0.9
1340 1571 0.3
1340 2444 0.8
1340 2678 0.7
1341 1076 0.3
1342 813 0.6
1342 1045 0.1
1344 1365 0.5
1344 1457 0.3
1345 1048 0.7
1345 1122 0.1
1345 1139 0.2
1346 1047 0.5
1346 1048 0.8
1346 1345 0.2
1346 1641 0.6
1347 1273 0.3
1347 1282 0.5
1347 1452 0.5
1348 1148 0.7
1349 613 0.5
1349 1048 0.9
1352 901 0.2
1355 76 0.4
1355 314 0.2
1355 807 0.8
1355 912 0.3
1355 993 0.7
1355 995 0.6
1355 1002 0.5
1355 1040 0.7
1355 1041 0.8
1355 1048 0.3
1355 1090 0.3
1355 1124 0.1
1355 1177 0.2
1355 1189 0.5
1355 1305 0.4
1355 1318 0.3
1355 1421 0.3
1355 1427 0.4
1355 1466 0.6
1355 1675 0.6
1355 1681 0.5
1355 1696 0.1
1357 1431 0.5
1359 1662 0.8
1360 1058 0.3
1361 1096 0.3
1364 787 0.1
1364 1344 0.7
1364 1365 0.4
1364 2169 0.9
1364 2476 0.5
1364 2654 0.9
1365 1470 0.7
1365 1706 0.9
1366 813 0.2
1366 1045 0.4
1367 2240 0.9
1367 2414 0.8
1367 2415 0.6
1367 2514 0.4
1367 2563 0.2
1368 818 0.1
1369 992 0.4
1373 353 0.4
1373 897 0.2
1374 1367 0.5
1375 870 0.3
1378 289 0.6
1378 314 0.3
1378 1643 0.5
1379 22 0.6
1379 83 0.2
1379 240 0.6
1379 560 0.8
1379 883 0.8
1379 971 0.6
1379 1441 0.4
1379 1541 0.4
1380 1612 0.6
1381 1612 0.4
1381 1718 0.8
1383 1314 0.4
1384 1399 0.1
1385 1384 0.5
1386 1654 0.7
1388 1240 0.9
1390 822 0.3
1390 1080 0.6
1393 1300 0.4
1394 906 0.8
1394 977 0.7
1394 1098 0.4
1394 1129 0.4
1394 1398 0.7
1394 1415 0.4
1394 1438 0.3
1394 1503 0.8
1405 756 0.4
1405 1144 0.8
1408 784 0.7
1409 1922 0.2
1410 790 0.2
1410 959 0.7
1410 1798 0.4
1410 2221 0.7
1410 2601 0.7
1410 2704 0.6
1412 2204 0.7
1415 946 0.1
1420 526 0.8
1420 1551 0.6
1422 822 0.8
1422 1418 0.4
1423 551 0.1
1423 1224 0.6
1423 1238 0.4
1423 1274 0.7
1423 1658 0.7
1425 1800 0.9
1426 526 0.6
1426 685 0.9
1428 526 0.5
1428 1551 0.7
1429 1313 0.2
1429 1623 0.7
1429 2080 0.4
1429 2230 0.5
1429 2425 0.2
1429 2494 0.4
1429 2540 0.3
1429 2618 0.6
1430 1209 0.5
1432 862 0.8
1432 1182 0.3
1432 1413 0.3
1435 1209 0.5
1440 54 0.8
1440 804 0.6
1442 1639 0.7
1442 1718 0.9
1443 1136 0.1
1445 1136 0.8
1445 1443 0.9
1446 1443 0.9
1447 949 0.7
1452 1273 0.8
1452 1605 0.9
1453 561 0.2
1453 1290 0.2
1453 1376 0.2
1454 1153 0.7
1454 1211 0.4
1456 1695 0.7
1458 1238 0.5
1460 46 0.6
1460 58 0.8
1460 168 0.5
1460 211 0.7
1460 474 0.6
1460 567 0.6
1460 634 0.9
1460 672 0.8
1460 750 0.4
1460 776 0.5
1460 805 0.3
1460 1138 0.4
1460 1541 0.9
1460 1688 0.8
1460 2079 0.2
1460 2222 0.8
1460 2405 0.7
1461 925 0.2
1462 305 0.6
1462 1289 0.6
1462 1358 0.3
1462 1594 0.2
1463 1458 0.9
1463 1658 0.2
1464 932 0.3
1464 1000 0.6
1464 1362 0.7
1464 1400 0.4
1464 1406 0.2
1464 1407 0.8
1465 201 0.3
1465 1022 0.2
1465 1101 0.7
1465 1471 0.3
1467 944 0.2
1467 1651 0.7
1468 1334 0.3
1470 1457 0.6
1470 1706 0.6
1472 1502 0.8
1474 1250 0.7
1474 1475 0.5
1475 1250 0.6
1476 1643 0.7
1478 1253 0.1
1484 858 0.4
1484 2053 0.1
1484 2061 0.1
1485 823 0.1
1485 932 0.8
1485 1058 0.6
1485 1093 0.3
1485 1198 0.9
1485 1221 0.4
1485 1238 0.2
1485 1431 0.3
1485 1483 0.5
1485 1501 0.4
1485 1522 0.6
1485 1523 0.4
1485 1693 0.4
1486 1253 0.6
1489 207 0.7
1489 1669 0.6
1490 838 0.4
1491 207 0.3
1491 1489 0.2
1492 852 0.1
1492 904 0.6
1492 1391 0.4
1492 1606 0.7
1494 775 0.5
1494 868 0.6
1496 1232 0.6
1497 1126 0.1
1498 581 0.8
1498 902 0.8
1498 1164 0.4
1498 1213 0.2
1499 1050 0.7
1499 1072 0.5
1499 1164 0.3
1499 1352 0.7
1499 1484 0.4
1499 2159 0.8
1499 2399 0.9
1499 2451 0.7
1504 1109 0.7
1504 1277 0.7
1504 1309 0.8
1504 1505 0.4
1504 1508 0.5
1504 1526 0.4
1505 1109 0.2
1505 1277 0.8
1505 1309 0.6
1505 1416 0.4
1505 1508 0.3
1505 1526 0.3
1506 252 0.5
1506 933 0.7
1506 2561 0.6
1507 1109 0.1
1507 1277 0.5
1507 1309 0.7
1507 1416 0.2
1507 1505 0.6
1507 1508 0.2
1507 1526 0.1
1508 1109 0.9
1510 590 0.6
1510 1145 0.8
1511 791 0.5
1512 1358 0.2
1513 950 0.6
1513 1000 0.2
1513 1088 0.7
1513 1236 0.4
1513 1268 0.7
1513 1336 0.1
1513 1464 0.6
1513 1609 0.3
1513 1672 0.6
1516 937 0.3
1516 1448 0.6
1516 1582 0.5
1516 1712 0.1
1520 964 0.5
1520 1178 0.9
1521 60 0.2
1521 355 0.1
1521 571 0.4
1521 835 0.2
1521 840 0.3
1521 873 0.8
1521 874 0.4
1521 875 0.5
1521 921 0.5
1521 1073 0.2
1521 1201 0.4
1521 1212 0.9
1521 1246 0.3
1521 1247 0.9
1521 1259 0.4
1521 1525 0.6
1521 1527 0.1
1521 1710 0.1
1524 344 0.6
1524 814 0.2
1524 816 0.5
1524 881 0.3
1524 1061 0.6
1524 1137 0.5
1525 1244 0.3
1525 1246 0.8
1525 1382 0.2
1525 1527 0.7
1526 1277 0.6
1526 1416 0.2
1528 212 0.7
1528 261 0.3
1528 420 0.8
1528 828 0.7
1528 910 0.2
1528 972 0.7
1528 1087 0.6
1528 1241 0.5
1528 1544 0.4
1528 1748 0.6
1528 2077 0.7
1528 2089 0.8
1528 2167 0.2
1528 2222 0.4
1528 2421 0.6
1528 2525 0.2
1528 2526 0.5
1528 2562 0.6
1529 152 0.3
1529 1488 0.8
1530 883 0.6
1530 1315 0.6
1531 1425 0.4
1533 926 0.3
1533 1481 0.4
1533 1488 0.5
1534 782 0.6
1534 901 0.1
1534 971 0.7
1534 1278 0.7
1534 1731 0.4
1535 290 0.3
1535 1123 0.7
1535 1149 0.5
1535 1164 0.3
1535 1279 0.3
1535 1499 0.7
1535 1557 0.7
1535 1598 0.4
1536 290 0.1
1536 630 0.7
1536 1349 0.3
1537 1519 0.4
1537 2505 0.3
1538 290 0.5
1538 630 0.2
1538 1349 0.4
1538 1536 0.7
1538 1557 0.6
1540 137 0.3
1540 379 0.5
1540 450 0.3
1540 925 0.6
1540 2092 0.8
1541 843 0.1
1541 1046 0.3
1541 1444 0.2
1542 1396 0.4
1543 802 0.7
1547 1377 0.4
1549 1292 0.8
1549 1375 0.6
1551 685 0.2
1551 1159 0.7
1551 1200 0.2
1551 1239 0.8
1551 1420 0.1
1551 1426 0.6
1551 1556 0.7
1551 1625 0.6
1552 273 0.8
1552 915 0.8
1554 902 0.3
1554 1553 0.3
1555 902 0.7
1555 952 0.4
1555 1402 0.5
1555 1553 0.8
1555 1554 0.2
1556 1159 0.7
1559 2565 0.7
1560 930 0.5
1560 1665 0.7
1560 1684 0.8
1560 1792 0.3
1561 457 0.8
1561 536 0.9
1561 792 0.2
1561 1162 0.6
1561 2199 0.7
1563 356 0.6
1563 1638 0.8
1564 54 0.7
1564 358 0.6
1565 900 0.4
1566 900 0.4
1566 1089 0.8
1567 1568 0.8
1568 1359 0.5
1568 1567 0.6
1570 209 0.7
1570 431 0.5
1570 878 0.5
1570 1009 0.2
1570 1011 0.3
1570 1012 0.7
1570 1074 0.8
1570 1183 0.4
1570 1328 0.2
1570 1487 0.5
1570 1588 0.6
1570 1610 0.4
1570 1680 0.5
1570 1685 0.7
1570 1722 0.8
1570 1727 0.2
1571 635 0.4
1571 1110 0.5
1571 1112 0.8
1571 1165 0.6
1573 1599 0.3
1574 637 0.4
1574 765 0.2
1574 1433 0.3
1574 1482 0.7
1574 1674 0.2
1574 2175 0.5
1575 485 0.3
1575 1018 0.5
1579 878 0.2
1579 1011 0.5
1579 1183 0.5
1579 1623 0.4
1579 1652 0.8
1580 1104 0.6
1581 1578 0.7
1582 658 0.8
1582 1448 0.4
1582 1712 0.4
1583 633 0.9
1583 1546 0.8
1583 2678 0.7
1584 901 0.5
1584 2397 0.7
1584 2564 0.9
1587 1389 0.2
1592 34 0.1
1592 37 0.4
1592 1702 0.8
1593 406 0.6
1593 1162 0.3
1593 1177 0.4
1593 1294 0.3
1593 1299 0.2
1593 1735 0.4
1594 979 0.6
1594 1117 0.6
1594 1289 0.7
1594 1438 0.6
1596 152 0.5
1596 837 0.7
1596 1302 0.2
1596 1577 0.2
1596 1658 0.1
1596 1777 0.2
1596 1825 0.4
1596 1863 0.8
1596 1864 0.7
1596 1965 0.4
1596 2347 0.2
1596 2676 0.5
1599 781 0.2
1601 947 0.5
1601 1294 0.3
1602 225 0.7
1602 1156 0.7
1602 1429 0.8
1602 1430 0.9
1603 1550 0.5
1607 29 0.2
1607 1294 0.7
1607 2382 0.4
1608 1224 0.8
1609 432 0.5
1609 950 0.8
1609 988 0.5
1609 1221 0.7
1609 2226 0.3
1613 1518 0.2
1614 1163 0.3
1614 1615 0.1
1615 1614 0.6
1616 1230 0.7
1616 1640 0.4
1619 1113 0.1
1619 1221 0.9
1619 2344 0.2
1620 1614 0.9
1620 1615 0.1
1621 1181 0.8
1622 301 0.7
1622 595 0.6
1622 825 0.1
1622 1195 0.2
1622 1449 0.8
1626 1581 0.8
1627 1165 0.8
1627 1408 0.5
1627 1585 0.2
1627 1699 0.5
1627 1736 0.7
1630 797 0.6
1631 1151 0.5
1632 2331 0.7
1634 1472 0.6
1636 1707 0.8
1637 246 0.2
1637 929 0.1
1637 984 0.7
1637 1074 0.5
1637 1685 0.6
1637 2075 0.6
1641 604 0.7
1641 1356 0.9
1643 314 0.7
1643 1476 0.3
1644 774 0.7
1644 869 0.3
1644 1190 0.5
1645 319 0.6
1645 323 0.6
1645 463 0.3
1645 702 0.6
1645 823 0.3
1645 987 0.3
1645 1257 0.5
1645 1329 0.7
1645 1602 0.3
1645 1733 0.5
1645 1863 0.2
1645 1864 0.6
1645 1965 0.7
1645 2365 0.4
1645 2410 0.5
1645 2424 0.4
1645 2485 0.8
1645 2615 0.9
1645 2617 0.7
1646 205 0.2
1646 798 0.8
1647 146 0.3
1647 944 0.5
1648 1685 0.3
1648 2075 0.5
1649 1356 0.4
1650 149 0.7
1650 692 0.9
1650 869 0.3
1650 1214 0.5
1650 1229 0.1
1650 1558 0.2
1650 1644 0.3
1650 1688 0.9
1655 853 0.3
1655 856 0.3
1655 1339 0.2
1657 528 0.7
1657 732 0.9
1657 1711 0.2
1657 1823 0.6
1657 2358 0.8
1659 885 0.4
1660 1094 0.4
1660 1095 0.2
1660 1653 0.2
1661 953 0.8
1661 1084 0.5
1662 1359 0.4
1662 1470 0.2
1663 1037 0.5
1664 1267 0.5
1664 1757 0.5
1664 2505 0.2
1667 1134 0.7
1669 2536 0.3
1673 808 0.9
1673 900 0.2
1673 904 0.3
1673 1353 0.2
1673 1565 0.6
1675 1124 0.4
1675 1681 0.2
1679 862 0.2
1679 1340 0.2
1679 1571 0.7
1680 1727 0.7
1681 1124 0.2
1682 1683 0.3
1683 1682 0.9
1685 1727 0.3
1686 423 0.6
1686 1070 0.8
1686 1456 0.4
1688 55 0.2
1688 149 0.8
1688 774 0.3
1688 871 0.8
1688 1138 0.2
1688 1190 0.8
1688 1229 0.1
1688 1558 0.9
1688 1633 0.9
1689 1229 0.3
1690 39 0.9
1690 1739 0.5
1691 996 0.9
1694 1229 0.7
1697 1335 0.4
1697 1770 0.2
1697 1772 0.3
1697 1873 0.8
1697 1944 0.7
1697 1972 0.8
1697 2176 0.2
1697 2251 0.7
1697 2331 0.7
1698 17 0.1
1698 805 0.8
1698 930 0.4
1698 1560 0.7
1698 1600 0.8
1698 1665 0.2
1698 1668 0.4
1698 1684 0.5
1698 1704 0.5
1700 800 0.2
1701 1158 0.7
1702 34 0.2
1702 833 0.5
1703 1162 0.8
1703 1200 0.8
1704 1560 0.2
1705 1158 0.8
1707 800 0.2
1707 1386 0.8
1711 577 0.1
1711 1451 0.7
1714 42 0.1
1714 116 0.8
1714 139 0.7
1714 417 0.4
1714 469 0.4
1714 890 0.9
1714 893 0.5
1714 1717 0.6
1714 1871 0.2
1714 1979 0.4
1714 1983 0.6
1714 1992 0.6
1714 1993 0.2
1714 2003 0.2
1714 2154 0.1
1714 2511 0.2
1715 1459 0.4
1716 1387 0.3
1716 1735 0.2
1717 42 0.3
1717 139 0.8
1717 893 0.6
1717 1714 0.1
1717 1983 0.6
1717 1992 0.2
1719 29 0.7
1719 202 0.7
1719 811 0.4
1719 1374 0.1
1719 1868 0.3
1719 2139 0.7
1719 2414 0.8
1719 2415 0.6
1719 2583 0.7
1720 1217 0.5
1720 2364 0.6
1723 1620 0.5
1724 1620 0.4
1724 1723 0.3
1725 1493 0.4
1725 1509 0.7
1725 1539 0.8
1726 922 0.3
1726 1266 0.2
1728 1377 0.7
1729 130 0.2
1729 169 0.2
1729 1111 0.8
1729 1250 0.6
1729 1475 0.4
1729 1537 0.9
1729 1776 0.5
1730 1111 0.5
1733 854 0.8
1733 1494 0.6
1733 2226 0.9
1737 1691 0.5
1738 1737 0.7
1739 1265 0.4
1742 493 0.3
1742 602 0.6
1747 1949 0.2
1748 2161 0.7
1748 2435 0.3
1752 2692 0.5
1758 1843 0.6
1760 2289 0.4
1762 2209 0.7
1763 572 0.6
1763 2695 0.8
1765 1939 0.5
1766 1939 0.6
1768 501 0.2
1768 2258 0.4
1769 2258 0.4
1771 1765 0.8
1771 1766 0.1
1771 1939 0.2
1772 1873 0.3
1774 2546 0.5
1775 991 0.5
1776 1772 0.8
1776 2083 0.8
1776 2117 0.4
1778 2065 0.5
1780 2008 0.9
1781 2008 0.4
1782 1820 0.8
1782 2664 0.2
1785 56 0.1
1785 845 0.5
1785 2200 0.2
1785 2689 0.7
1785 2706 0.2
1790 2470 0.9
1794 1776 0.6
1794 1796 0.4
1794 2083 0.5
1794 2179 0.3
1795 1796 0.8
1795 2179 0.5
1795 2546 0.5
1796 1776 0.8
1796 1789 0.2
1796 2083 0.3
1796 2179 0.3
1796 2546 0.3
1797 834 0.3
1797 1031 0.8
1797 1918 0.8
1797 2002 0.8
1799 2121 0.8
1801 343 0.6
1801 1902 0.6
1801 1908 0.7
1801 1996 0.4
1801 2017 0.1
1802 1815 0.5
1803 1778 0.5
1803 2065 0.7
1804 1914 0.8
1805 2290 0.7
1806 1805 0.7
1806 2290 0.6
1807 2280 0.8
1811 1767 0.3
1813 784 0.5
1813 786 0.8
1813 863 0.5
1813 1156 0.6
1813 1408 0.6
1813 1514 0.2
1813 2365 0.4
1815 835 0.4
1816 239 0.6
1816 254 0.1
1816 2671 0.6
1816 2672 0.1
1818 2465 0.6
1819 1814 0.7
1819 2030 0.2
1819 2074 0.2
1820 225 0.8
1820 2581 0.2
1821 2384 0.2
1821 2570 0.5
1822 835 0.5
1822 1802 0.9
1824 2488 0.8
1824 2581 0.3
1828 1963 0.4
1828 2084 0.8
1828 2111 0.5
1828 2225 0.9
1829 2019 0.7
1832 1833 0.4
1832 1837 0.8
1833 1837 0.4
1835 1906 0.8
1837 1833 0.3
1839 2381 0.9
1839 2515 0.8
1840 291 0.5
1840 2689 0.7
1840 2706 0.6
1841 2689 0.7
1841 2706 0.6
1842 565 0.3
1842 1742 0.3
1844 2627 0.7
1845 1846 0.9
1845 1980 0.5
1846 980 0.7
1846 1980 0.6
1847 1928 0.3
1848 1847 0.5
1848 1928 0.8
1849 2484 0.6
1850 2164 0.1
1851 2555 0.3
1854 1862 0.8
1854 2321 0.3
1855 1856 0.2
1855 1977 0.5
1855 2049 0.8
1855 2123 0.2
1855 2300 0.5
1855 2483 0.2
1855 2646 0.2
1856 1855 0.5
1856 2123 0.4
1856 2483 0.5
1858 2682 0.4
1860 549 0.4
1860 1792 0.4
1861 549 0.3
1861 684 0.4
1861 907 0.4
1863 1864 0.3
1863 1965 0.4
1865 1855 0.7
1865 1856 0.9
1865 2123 0.4
1867 2273 0.2
1868 1755 0.5
1870 1755 0.4
1870 2410 0.8
1874 1999 0.5
1875 1921 0.1
1876 2440 0.4
1879 2572 0.6
1880 764 0.8
1880 1761 0.1
1880 2356 0.3
1885 746 0.5
1885 1887 0.6
1885 1903 0.4
1886 746 0.7
1886 1885 0.2
1886 1887 0.1
1886 1903 0.8
1887 746 0.1
1887 1903 0.9
1888 2259 0.3
1891 2040 0.4
1892 1150 0.3
1892 1775 0.1
1892 1876 0.3
1893 2132 0.3
1894 1896 0.2
1895 828 0.4
1895 910 0.9
1895 1528 0.7
1895 2145 0.1
1895 2525 0.4
1897 1852 0.5
1898 2147 0.5
1898 2183 0.1
1899 279 0.5
1899 2141 0.8
1903 1888 0.4
1907 2422 0.7
1909 443 0.8
1909 1583 0.5
1909 1648 0.7
1909 1839 0.8
1909 1894 0.4
1909 2515 0.2
1909 2562 0.8
1910 633 0.6
1910 1546 0.4
1910 1583 0.6
1910 2678 0.9
1911 706 0.4
1911 1669 0.2
1911 2082 0.4
1911 2160 0.3
1911 2243 0.7
1911 2367 0.8
1911 2376 0.2
1911 2417 0.5
1911 2489 0.3
1911 2507 0.9
1911 2576 0.3
1912 291 0.4
1912 861 0.8
1912 1099 0.7
1912 1720 0.8
1912 2088 0.5
1912 2207 0.3
1913 305 0.4
1913 1933 0.8
1914 417 0.7
1916 1982 0.4
1916 2498 0.2
1917 2401 0.6
1920 2432 0.3
1922 2403 0.6
1923 2027 0.8
1925 2328 0.7
1927 749 0.4
1928 1847 0.2
1929 1924 0.2
1929 2115 0.3
1930 2350 0.6
1932 1409 0.3
1932 1922 0.8
1932 2278 0.4
1932 2403 0.8
1934 37 0.9
1934 749 0.2
1935 1817 0.3
1936 612 0.3
1936 2341 0.8
1937 1944 0.3
1938 1065 0.6
1940 2308 0.8
1941 2251 0.2
1942 749 0.8
1942 1927 0.4
1947 1031 0.5
1947 2517 0.4
1948 2558 0.6
1953 2030 0.1
1953 2397 0.4
1955 99 0.4
1955 322 0.7
1955 979 0.6
1955 2151 0.4
1955 2184 0.6
1955 2223 0.5
1961 1950 0.6
1962 2101 0.5
1964 2196 0.3
1965 1863 0.7
1965 1864 0.5
1967 1826 0.7
1968 696 0.8
1969 528 0.5
1969 1775 0.8
1969 2620 0.2
1970 2052 0.5
1970 2201 0.2
1970 2310 0.2
1970 2364 0.2
1976 2409 0.4
1976 2656 0.1
1976 2690 0.7
1981 263 0.3
1981 759 0.2
1981 2203 0.5
1981 2458 0.5
1982 2492 0.7
1984 2079 0.2
1990 1883 0.5
1991 202 0.1
1991 234 0.3
1991 2094 0.7
1994 277 0.1
1994 1946 0.4
1994 2547 0.7
1995 1801 0.2
1995 1996 0.4
1995 2098 0.6
1995 2242 0.9
1996 1801 0.5
1996 1908 0.3
1996 2098 0.4
1997 1998 0.3
2000 2004 0.3
2000 2516 0.3
2003 1714 0.5
2004 2000 0.1
2004 2516 0.6
2006 2346 0.2
2007 1825 0.7
2009 2023 0.2
2010 2535 0.5
2012 1836 0.2
2012 2183 0.7
2012 2634 0.5
2014 2383 0.7
2015 1829 0.7
2015 2019 0.3
2016 2035 0.6
2016 2328 0.8
2017 343 0.1
2017 468 0.8
2018 1480 0.3
2018 1583 0.2
2018 2678 0.8
2019 1829 0.4
2020 2148 0.2
2021 1858 0.6
2022 88 0.1
2022 2219 0.7
2023 2009 0.8
2025 428 0.4
2025 738 0.8
2025 1779 0.8
2025 1933 0.2
2026 2378 0.8
2026 2694 0.2
2031 744 0.5
2031 745 0.8
2031 2078 0.4
2031 2317 0.3
2031 2660 0.8
2033 2172 0.7
2038 289 0.1
2038 1585 0.6
2038 2152 0.8
2040 1891 0.2
2041 673 0.7
2041 1925 0.4
2041 2005 0.5
2041 2361 0.7
2042 1745 0.9
2045 81 0.1
2045 1150 0.3
2045 2684 0.7
2046 2551 0.1
2047 617 0.5
2048 2112 0.9
2050 2219 0.4
2050 2307 0.6
2050 2411 0.4
2053 2063 0.3
2054 2686 0.4
2055 592 0.2
2055 2054 0.2
2055 2686 0.2
2056 2353 0.3
2057 272 0.2
2057 2096 0.3
2058 791 0.3
2058 1511 0.6
2058 2466 0.2
2058 2696 0.4
2059 756 0.1
2059 758 0.4
2059 2233 0.6
2061 2063 0.7
2062 97 0.4
2062 216 0.8
2062 2063 0.5
2066 1986 0.9
2066 2087 0.7
2067 2063 0.5
2068 1793 0.2
2070 2435 0.5
2071 2603 0.6
2071 2641 0.5
2072 1810 0.3
2076 1856 0.9
2077 212 0.4
2080 2610 0.8
2081 2610 0.8
2082 2160 0.8
2082 2367 0.9
2083 2179 0.2
2083 2546 0.3
2085 2616 0.2
2086 1094 0.8
2086 1095 0.2
2089 249 0.2
2089 777 0.1
2089 2168 0.4
2089 2525 0.7
2089 2526 0.7
2090 358 0.4
2090 715 0.1
2090 1118 0.9
2090 1262 0.6
2090 1531 0.5
2090 1604 0.3
2090 1966 0.7
2091 1261 0.2
2092 304 0.9
2092 586 0.2
2092 1945 0.1
2092 2618 0.3
2093 2016 0.7
2096 2231 0.7
2099 2100 0.7
2099 2157 0.3
2102 2471 0.7
2103 2665 0.8
2107 1751 0.1
2108 614 0.6
2108 1866 0.7
2108 1954 0.2
2108 2047 0.7
2108 2497 0.6
2108 2572 0.3
2108 2575 0.8
2109 1899 0.7
2109 2141 0.5
2113 366 0.2
2113 2573 0.7
2114 2624 0.2
2115 1924 0.3
2116 277 0.5
2116 2001 0.3
2117 2126 0.9
2118 2640 0.4
2119 2443 0.4
2120 2155 0.6
2122 2213 0.3
2124 2483 0.7
2125 1929 0.3
2125 2115 0.8
2127 2214 0.3
2127 2340 0.3
2127 2592 0.8
2129 2031 0.8
2129 2480 0.5
2130 2455 0.2
2131 2031 0.7
2132 2031 0.7
2132 2320 0.4
2133 1838 0.2
2134 1926 0.3
2134 2200 0.7
2134 2207 0.6
2135 2645 0.5
2136 135 0.6
2136 2013 0.3
2136 2024 0.8
2136 2334 0.2
2136 2584 0.1
2137 2149 0.5
2142 2419 0.4
2143 2097 0.9
2149 2137 0.8
2150 1956 0.5
2150 2189 0.6
2151 1193 0.3
2151 2184 0.1
2152 1585 0.8
2153 1278 0.2
2154 116 0.6
2154 890 0.3
2154 1717 0.3
2154 1978 0.1
2154 1983 0.7
2154 1993 0.5
2154 2003 0.7
2154 2009 0.6
2154 2023 0.4
2154 2026 0.9
2154 2220 0.3
2154 2319 0.2
2154 2700 0.7
2158 2566 0.2
2165 6 0.9
2165 516 0.4
2165 1750 0.8
2165 2095 0.8
2165 2522 0.4
2166 539 0.2
2166 1144 0.5
2166 2194 0.1
2166 2364 0.6
2167 777 0.7
2167 972 0.9
2167 2168 0.4
2167 2525 0.8
2168 2162 0.8
2170 2421 0.7
2171 1326 0.7
2172 2032 0.6
2174 2205 0.4
2176 121 0.2
2176 1010 0.3
2176 1363 0.4
2176 1720 0.3
2176 1746 0.8
2176 1941 0.5
2176 2088 0.9
2176 2207 0.2
2176 2250 0.7
2176 2251 0.8
2176 2260 0.6
2177 1915 0.4
2177 2536 0.1
2178 1884 0.5
2179 1789 0.8
2179 1794 0.6
2179 1796 0.5
2179 2546 0.2
2179 2583 0.4
2180 322 0.9
2180 2151 0.6
2180 2184 0.5
2181 1501 0.4
2181 2578 0.3
2182 1789 0.1
2182 1794 0.8
2182 1796 0.2
2182 2144 0.8
2182 2179 0.5
2183 1749 0.2
2183 1836 0.2
2183 2147 0.9
2183 2634 0.6
2186 2110 0.6
2187 2322 0.8
2188 532 0.8
2188 2315 0.9
2188 2322 0.9
2190 2189 0.5
2190 2191 0.5
2190 2366 0.8
2191 1956 0.9
2191 2150 0.6
2191 2189 0.6
2191 2190 0.4
2191 2366 0.2
2192 363 0.2
2193 178 0.2
2193 1744 0.4
2195 1956 0.7
2195 2150 0.5
2195 2189 0.8
2195 2190 0.3
2195 2191 0.2
2201 1798 0.7
2201 2704 0.4
2203 1304 0.7
2203 1572 0.9
2203 2639 0.5
2204 2398 0.7
2205 2174 0.1
2206 1800 0.2
2207 1926 0.1
2207 1985 0.2
2208 80 0.7
2208 1787 0.8
2209 2314 0.5
2211 1809 0.8
2212 855 0.4
2212 1233 0.4
2212 1972 0.1
2215 421 0.2
2215 2224 0.4
2216 345 0.4
2216 676 0.9
2216 1878 0.3
2216 2058 0.6
2216 2651 0.5
2217 2689 0.6
2217 2706 0.2
2220 1978 0.7
2220 2009 0.6
2220 2023 0.2
2221 291 0.3
2221 1410 0.7
2221 1941 0.1
2221 1951 0.7
2221 1959 0.9
2221 2140 0.8
2221 2227 0.2
2221 2253 0.6
2221 2479 0.8
2221 2564 0.3
2221 2601 0.2
2222 1758 0.6
2223 2151 0.5
2224 191 0.8
2224 511 0.7
2227 1951 0.3
2227 1959 0.2
2227 2140 0.1
2227 2479 0.3
2228 1924 0.8
2228 1975 0.7
2228 2073 0.8
2228 2391 0.2
2229 1094 0.7
2229 1095 0.8
2229 2069 0.8
2229 2086 0.6
2234 2202 0.7
2235 2209 0.6
2236 2209 0.1
2237 2263 0.8
2237 2436 0.7
2237 2543 0.4
2238 2171 0.1
2238 2275 0.4
2239 2272 0.7
2240 588 0.5
2240 2414 0.3
2240 2415 0.3
2240 2508 0.7
2240 2514 0.5
2243 2459 0.5
2244 832 0.7
2244 2245 0.8
2244 2246 0.2
2247 2476 0.5
2248 2264 0.4
2248 2702 0.6
2249 2297 0.6
2250 2272 0.8
2251 2272 0.5
2252 2297 0.5
2253 2272 0.6
2253 2278 0.2
2254 2214 0.7
2254 2592 0.6
2255 2040 0.8
2255 2348 0.2
2260 1960 0.8
2260 2272 0.5
2261 2502 0.4
2262 1720 0.3
2262 2088 0.5
2262 2207 0.5
2262 2260 0.3
2263 2237 0.5
2263 2436 0.4
2263 2543 0.4
2264 2702 0.3
2265 2520 0.4
2266 2348 0.5
2268 2197 0.4
2269 1754 0.7
2269 2276 0.6
2269 2446 0.8
2270 2278 0.2
2271 481 0.2
2271 2044 0.7
2276 2192 0.7
2276 2269 0.8
2276 2446 0.3
2276 2523 0.7
2277 1865 0.6
2279 2285 0.2
2281 2287 0.8
2283 1687 0.4
2283 2218 0.5
2284 2285 0.5
2286 2139 0.3
2286 2312 0.3
2291 2214 0.6
2292 2291 0.4
2293 1900 0.4
2293 2141 0.4
2294 1938 0.7
2299 2519 0.8
2300 1855 0.2
2300 1856 0.5
2302 1902 0.9
2302 1908 0.3
2302 2589 0.4
2303 404 0.3
2303 1354 0.4
2303 1881 0.1
2303 2105 0.2
2303 2112 0.5
2304 859 0.1
2304 1952 0.4
2304 2036 0.2
2305 909 0.3
2305 2298 0.6
2306 322 0.7
2306 2151 0.8
2306 2184 0.2
2307 2595 0.8
2308 407 0.7
2308 1773 0.4
2308 1940 0.3
2310 404 0.3
2310 682 0.7
2310 1326 0.7
2313 2588 0.9
2316 2288 0.6
2318 1354 0.3
2318 2625 0.7
2319 492 0.5
2319 1978 0.7
2320 2480 0.4
2322 2187 0.8
2322 2371 0.7
2323 2499 0.6
2327 318 0.5
2327 509 0.1
2327 2325 0.8
2328 1925 0.3
2328 2016 0.6
2328 2035 0.7
2329 1783 0.5
2330 1429 0.4
2330 1919 0.6
2330 2081 0.6
2330 2590 0.8
2331 1632 0.2
2331 1770 0.9
2335 55 0.8
2335 210 0.5
2335 603 0.3
2335 1589 0.4
2335 1791 0.6
2335 1833 0.9
2335 1837 0.8
2335 1918 0.1
2335 2104 0.5
2335 2333 0.1
2335 2354 0.5
2338 2219 0.4
2338 2607 0.1
2338 2611 0.4
2339 1025 0.7
2339 1479 0.2
2339 1987 0.9
2339 2128 0.5
2339 2444 0.3
2339 2678 0.1
2342 560 0.5
2342 624 0.3
2342 789 0.8
2342 1758 0.9
2342 1843 0.7
2342 2426 0.6
2343 382 0.2
2343 498 0.3
2343 1271 0.6
2343 2152 0.6
2343 2198 0.4
2343 2578 0.3
2343 2594 0.4
2344 2444 0.9
2347 398 0.4
2347 1968 0.1
2349 1784 0.6
2349 2683 0.6
2351 2169 0.1
2352 1773 0.7
2355 401 0.4
2355 557 0.9
2357 1106 0.1
2357 1706 0.6
2357 2247 0.2
2361 401 0.8
2361 557 0.6
2361 1007 0.5
2361 1387 0.9
2361 2005 0.1
2361 2041 0.7
2361 2274 0.2
2361 2355 0.3
2362 140 0.5
2362 2176 0.4
2362 2217 0.1
2363 1871 0.1
2363 2511 0.4
2367 2459 0.6
2367 2507 0.4
2367 2576 0.5
2368 1834 0.5
2368 2578 0.8
2369 2643 0.1
2372 1127 0.2
2372 2490 0.4
2373 1127 0.5
2373 2399 0.6
2373 2490 0.3
2374 1367 0.5
2374 2375 0.7
2374 2414 0.9
2374 2415 0.2
2374 2508 0.4
2375 1367 0.6
2375 2374 0.4
2375 2508 0.2
2375 2514 0.4
2376 2417 0.8
2379 612 0.5
2379 1669 0.5
2379 2051 0.9
2379 2336 0.3
2380 1985 0.3
2380 2207 0.8
2381 216 0.4
2381 289 0.3
2381 1839 0.1
2381 2295 0.6
2381 2515 0.8
2381 2562 0.5
2385 2461 0.3
2387 2388 0.6
2392 508 0.6
2392 2549 0.8
2393 1926 0.2
2394 1814 0.8
2394 1897 0.2
2394 1953 0.3
2394 2030 0.5
2395 2428 0.2
2396 2666 0.2
2397 2564 0.3
2398 2204 0.3
2398 2406 0.1
2399 2185 0.4
2399 2400 0.3
2402 1989 0.5
2403 1922 0.8
2404 2582 0.3
2405 2222 0.2
2406 2204 0.6
2407 2079 0.7
2408 1632 0.2
2408 2705 0.3
2409 2146 0.8
2410 175 0.9
2410 639 0.2
2410 2028 0.6
2410 2673 0.4
2411 205 0.5
2411 1812 0.6
2413 1759 0.5
2413 2256 0.5
2418 2533 0.6
2419 2142 0.7
2419 2346 0.3
2420 493 0.7
2420 1269 0.7
2420 2324 0.8
2422 75 0.5
2422 264 0.5
2422 346 0.4
2422 1830 0.3
2422 1857 0.2
2422 1869 0.7
2422 2267 0.9
2422 2390 0.9
2422 2591 0.3
2422 2655 0.5
2423 2377 0.8
2424 551 0.7
2424 854 0.4
2424 863 0.4
2424 882 0.8
2424 1162 0.7
2424 1192 0.5
2424 1602 0.5
2424 1645 0.7
2424 1733 0.2
2424 2226 0.2
2424 2628 0.7
2424 2658 0.7
2427 1687 0.1
2427 1920 0.2
2427 2127 0.8
2427 2283 0.1
2427 2432 0.2
2427 2494 0.7
2428 508 0.4
2428 1889 0.5
2428 2392 0.4
2428 2549 0.5
2428 2592 0.7
2429 45 0.2
2429 117 0.6
2429 226 0.5
2429 761 0.6
2429 1861 0.6
2429 2022 0.5
2429 2043 0.4
2430 1144 0.6
2430 2153 0.1
2430 2282 0.5
2430 2318 0.7
2430 2625 0.2
2431 1861 0.7
2432 2592 0.4
2433 1756 0.6
2435 106 0.1
2435 2161 0.7
2438 2434 0.6
2439 2092 0.5
2445 501 0.3
2445 2258 0.4
2448 2011 0.4
2449 520 0.7
2449 2312 0.4
2450 1882 0.7
2450 2159 0.6
2450 2451 0.9
2451 1882 0.3
2452 1974 0.4
2452 2447 0.8
2453 1316 0.5
2453 2596 0.2
2455 1343 0.1
2456 2355 0.4
2457 1743 0.6
2460 554 0.6
2460 2607 0.3
2462 1077 0.4
2462 1079 0.4
2462 2493 0.1
2463 402 0.7
2463 1987 0.3
2464 1935 0.5
2467 832 0.4
2467 1831 0.8
2467 2241 0.9
2468 324 0.3
2468 2156 0.2
2468 2469 0.4
2471 1231 0.7
2471 1278 0.8
2471 2644 0.5
2471 2647 0.7
2472 2246 0.3
2473 2477 0.8
2474 435 0.8
2474 1193 0.7
2475 2079 0.4
2475 2426 0.8
2481 654 0.6
2481 2486 0.3
2482 1859 0.6
2483 2646 0.9
2486 750 0.3
2486 1379 0.8
2486 1817 0.8
2487 1971 0.8
2491 1808 0.4
2493 1901 0.8
2493 2548 0.7
2495 2064 0.2
2496 572 0.1
2496 1763 0.8
2496 2695 0.2
2497 614 0.3
2497 2572 0.8
2499 2148 0.3
2499 2323 0.2
2499 2501 0.5
2499 2568 0.9
2500 204 0.1
2500 360 0.3
2500 864 0.3
2500 1069 0.4
2500 1419 0.7
2500 1788 0.2
2500 1872 0.8
2500 1936 0.2
2500 2148 0.7
2500 2323 0.8
2500 2358 0.5
2500 2377 0.2
2500 2386 0.2
2500 2423 0.2
2500 2499 0.1
2500 2501 0.5
2500 2506 0.8
2501 1069 0.6
2501 2323 0.4
2501 2377 0.6
2501 2423 0.3
2501 2499 0.3
2504 2359 0.1
2507 2417 0.2
2507 2459 0.3
2507 2576 0.6
2509 323 0.2
2509 633 0.1
2509 1236 0.3
2509 2138 0.2
2509 2578 0.3
2510 518 0.1
2510 1963 0.2
2510 2619 0.7
2511 417 0.3
2511 1978 0.6
2511 1979 0.7
2511 1992 0.6
2511 2003 0.2
2512 2084 0.8
2512 2142 0.7
2512 2321 0.6
2512 2346 0.2
2512 2419 0.4
2513 1931 0.9
2521 2360 0.6
2527 2449 0.2
2528 1957 0.4
2528 1962 0.1
2528 2101 0.4
2529 1859 0.9
2530 2295 0.5
2530 2522 0.4
2531 2091 0.4
2531 2416 0.7
2533 2418 0.8
2534 2518 0.5
2537 503 0.8
2537 1958 0.8
2537 2630 0.1
2538 452 0.2
2538 1847 0.2
2538 1928 0.8
2538 2199 0.4
2539 2326 0.4
2540 2214 0.6
2541 1858 0.6
2544 1480 0.2
2544 1777 0.4
2544 2410 0.1
2544 2441 0.7
2544 2675 0.3
2545 2569 0.5
2550 281 0.4
2550 520 0.7
2550 2609 0.6
2552 2474 0.9
2553 2027 0.7
2554 1876 0.6
2556 2561 0.9
2557 859 0.3
2557 1905 0.1
2559 451 0.2
2559 2515 0.6
2560 52 0.7
2560 261 0.8
2560 842 0.1
2560 1242 0.7
2560 1748 0.8
2560 2077 0.6
2561 324 0.8
2562 2381 0.2
2563 2596 0.5
2565 1786 0.8
2567 2532 0.2
2571 481 0.9
2571 668 0.3
2571 1807 0.2
2571 1929 0.3
2574 1943 0.1
2576 2389 0.8
2577 1052 0.7
2579 100 0.4
2580 2280 0.9
2580 2337 0.4
2584 1174 0.9
2584 1424 0.4
2584 2311 0.4
2584 2334 0.4
2585 2633 0.2
2586 1264 0.7
2586 1810 0.3
2586 1831 0.6
2586 2442 0.2
2587 1648 0.7
2587 1890 0.7
2587 2114 0.9
2587 2163 0.5
2587 2487 0.2
2590 2425 0.4
2591 389 0.7
2593 1853 0.5
2597 2670 0.5
2597 2681 0.5
2597 2687 0.4
2598 1699 0.1
2598 2257 0.5
2599 855 0.2
2599 957 0.8
2599 1231 0.3
2599 1233 0.7
2599 1632 0.5
2599 2331 0.6
2600 2163 0.7
2604 1757 0.1
2605 1632 0.4
2605 2331 0.7
2606 952 0.4
2606 1402 0.8
2606 2503 0.3
2608 1988 0.5
2608 2075 0.8
2608 2311 0.3
2608 2370 0.1
2612 1764 0.7
2612 2607 0.7
2613 27 0.5
2613 725 0.2
2613 1904 0.6
2613 2626 0.8
2614 1757 0.4
2615 987 0.5
2615 2485 0.2
2615 2617 0.5
2616 1648 0.3
2616 2075 0.3
2617 987 0.3
2617 2485 0.5
2620 329 0.2
2620 1775 0.4
2621 1973 0.5
2622 2106 0.2
2623 2034 0.8
2625 1205 0.5
2625 1879 0.2
2625 1932 0.9
2625 2278 0.2
2625 2703 0.6
2627 2400 0.7
2627 2657 0.3
2629 2630 0.7
2631 1827 0.3
2632 2602 0.1
2635 1198 0.2
2635 1877 0.4
2636 2232 0.7
2637 2301 0.6
2638 2653 0.7
2642 1746 0.2
2644 2647 0.1
2647 2644 0.3
2648 2431 0.2
2648 2659 0.2
2649 1890 0.8
2650 250 0.4
2650 1957 0.2
2650 2107 0.6
2650 2437 0.8
2652 2060 0.4
2653 241 0.6
2653 2309 0.9
2654 1364 0.1
2654 2029 0.9
2656 1976 0.5
2657 800 0.6
2657 1700 0.9
2658 1162 0.6
2659 692 0.5
2659 1560 0.6
2659 1861 0.8
2660 744 0.2
2660 2317 0.4
2661 1934 0.3
2662 1911 0.9
2662 2160 0.6
2662 2243 0.6
2662 2376 0.8
2662 2507 0.6
2663 528 0.3
2663 1823 0.8
2663 2607 0.4
2664 2230 0.3
2666 2396 0.5
2667 452 0.2
2667 2412 0.8
2667 2454 0.9
2668 2296 0.3
2668 2382 0.3
2668 2430 0.8
2668 2505 0.3
2669 2366 0.6
2674 996 0.6
2674 2542 0.3
2675 1353 0.9
2675 2067 0.2
2676 1257 0.3
2676 1825 0.6
2676 1863 0.5
2676 1965 0.2
2677 1788 0.6
2677 2386 0.3
2679 2478 0.2
2679 2577 0.4
2680 100 0.7
2680 2579 0.3
2685 2524 0.8
2686 2054 0.2
2688 637 0.3
2688 765 0.3
2688 2175 0.8
2690 2210 0.5
2691 2054 0.1
2693 1371 0.8
2693 2039 0.4
2693 2173 0.6
2695 2332 0.2
2696 2199 0.2
2697 99 0.5
2697 2037 0.5
2697 2696 0.6
2698 1760 0.9
2698 2289 0.7
2698 2699 0.2
2698 2701 0.7
2699 1760 0.1
2699 2701 0.3
2707 1047 0.7
2707 1139 0.2
2707 1641 0.8
2707 1753 0.6
2708 775 0.7
2708 1390 0.6
2708 2345 0.8
